0	0	2.7988176640897778E-6	5.652162653748134E-6	3.322768363938991E-5	2.7985692997131555E-6	5.644754884168209E-6	5.61067894716807E-6	3.343222438193219E-5	5.640924744350602E-6	2.7950791400880045E-6	5.624111389937817E-6	5.639565458044099E-6	1.4453337809461375E-5	2.7892551662319103E-6	0.9998595494258425	2.7898426864986127E-6	1.1553566292629459E-5
1	1	1.3199277531946587E-7	2.665570697217532E-7	1.5670239034405353E-6	1.3198106240805278E-7	2.6620771789425596E-7	0.9999928227572799	1.576670083904685E-6	2.660270877693021E-7	1.3181646581387578E-7	2.652341667656057E-7	2.6596298356760615E-7	6.816221701677032E-7	1.3154180609505344E-7	8.181675218349542E-7	1.3156951366298596E-7	5.448683918813074E-7
2	2	6.237133463019204E-5	1.2595780453452608E-4	7.404751662993889E-4	6.236579985819052E-5	1.2579272322849424E-4	1.2503334483212982E-4	0.99722849461019	1.2570736899648782E-4	6.22880220462644E-5	1.2533268529779933E-4	1.2567707745510988E-4	3.220909959957311E-4	6.215823544854615E-5	3.866135867240691E-4	6.217132827114289E-5	2.5746991619193387E-4
3	3	2.0839299679591745E-5	4.2084596253096835E-5	2.4740506175314125E-4	2.0837450420263215E-5	4.202943984465548E-5	4.177571889951498E-5	0.9990739939793769	4.20009215769248E-5	2.0811463560421888E-5	4.187573352494031E-5	4.199080066942339E-5	1.0761595578241932E-4	2.076809970072125E-5	1.2917402588407466E-4	2.0772474230388808E-5	8.602497884349923E-5
4	4	2.32478587677445E-6	4.694863863144521E-6	0.797842776458761	2.3245795775208495E-6	0.20205843918395824	4.660406193246632E-6	2.7769855846449765E-5	4.685529302559507E-6	2.3216805412926793E-6	4.671563602191971E-6	4.684400236651286E-6	1.2005396436789159E-5	2.3168429656474096E-6	1.4410366741617736E-5	2.317330978437908E-6	9.596755118457312E-6
5	5	1.078506550214836E-5	2.1780248578392186E-5	0.8685651666557952	1.0784108445851109E-5	2.1751703210407204E-5	2.1620393758809507E-5	1.2882894604673118E-4	2.1736944010711815E-5	1.0770659338160685E-5	0.13097647685319264	2.1731706087555943E-5	5.569501614904709E-5	1.0748217026063442E-5	6.685207045130633E-5	1.0750480997968982E-5	4.4520931409065564E-5
6	6	3.2191399009032587E-6	6.500995959303844E-6	3.821776730601603E-5	3.2188542375372575E-6	6.4924757020047E-6	6.45328229192113E-6	0.9998569557050718	6.488070357536893E-6	3.214839930977027E-6	6.4687319987889585E-6	6.486506935652661E-6	1.6623918392626793E-5	3.208141321466833E-6	1.995408997793545E-5	3.2088170746455407E-6	1.3288663540870594E-5
7	7	1.1936892209053031E-5	2.4106342192809024E-5	0.9994687051087981	1.1935832940766158E-5	2.407474822792892E-5	2.3929415149567983E-5	1.4258765902343468E-4	2.405841277073391E-5	1.1920947491180657E-5	2.3986704205408952E-5	2.405261544626717E-5	6.164314942920015E-5	1.1896108378207878E-5	7.399175821141763E-5	1.1898614138473808E-5	4.927569138739094E-5
8	8	4.828271692167263E-6	9.75060908424427E-6	0.8455061219739669	4.827843236000084E-6	9.737829857993214E-6	9.679045077507934E-6	5.76743046396214E-5	9.731222440905753E-6	4.821822322549568E-6	9.70221753494021E-6	9.728877520877756E-6	2.493361489679189E-5	4.811775320036295E-6	0.15430890661696878	4.8127888578271595E-6	1.9931186582825324E-5
9	9	1.002500995341002E-5	2.024532987237137E-5	1.1901734917839865E-4	1.002412034370816E-5	2.0218796181118757E-5	2.0096740495969557E-5	0.6920361382516066	2.0205077105993886E-5	1.0011619034519623E-5	2.014485380259652E-5	2.0200208314815718E-5	0.3075701648069441	9.990758298707905E-6	6.214080679870819E-5	9.992862721799517E-6	4.1383409347125485E-5
10	10	1.303030345490906E-5	2.6314466819257514E-5	1.54696322836656E-4	1.3029147158364165E-5	2.6279978868581434E-5	2.61213333786236E-5	0.9994209911256468	2.6262147094565393E-5	1.3012898211673108E-5	2.618387007319867E-5	2.625581873910191E-5	6.728962018854516E-5	1.2985783852766471E-5	8.076935317601542E-5	1.2988519138976526E-5	5.378931136206429E-5
11	11	3.470498208940086E-5	7.008609606174662E-5	0.33309312212345515	3.470190240280573E-5	6.999424066370042E-5	6.957170339075022E-5	4.145553185798994E-4	6.994674741843637E-5	3.4658624868568997E-5	6.97382639679976E-5	6.99298924415914E-5	1.7921954554068708E-4	3.458640833550999E-5	0.6655773277087195	3.45936935118881E-5	1.4326274855236483E-4
12	12	4.966183686204449E-6	1.0029119911227498E-5	5.895874623685648E-5	4.965742991860104E-6	1.0015975666459074E-5	9.955511791090024E-6	0.9997793248303133	1.0009179518884999E-5	4.959550100477767E-6	9.979346133357078E-6	1.0006767619901064E-5	2.5645804427167784E-5	4.949216121124945E-6	3.0783277264114384E-5	4.950258609030195E-6	2.050048960892136E-5
13	13	1.0356770090210632E-5	2.0915313587025615E-5	0.6950811560805283	1.0355851040434622E-5	2.0887901809758056E-5	2.076180690559655E-5	0.3045815910260409	2.0873728725882936E-5	1.0342936022325509E-5	2.081151243779363E-5	2.086869881059269E-5	5.348326139617304E-5	1.0321384937018E-5	6.419724790552497E-5	1.0323559002304082E-5	4.275292076009002E-5
14	14	7.789568748738143E-5	1.573089599058963E-4	0.7974113310231596	7.788877509929964E-5	1.5710278952488864E-4	0.19927779191836417	9.304736553139992E-4	1.5699619044982443E-4	7.779163823078189E-5	1.5652824721159323E-4	1.5695835928179383E-4	4.022601041863524E-4	7.762954748323171E-5	4.828424998181092E-4	7.764589913617242E-5	3.2155470534665743E-4
15	15	7.42629558030245E-7	1.499727226722759E-6	8.816530041271528E-6	7.425636578004415E-7	1.4977616722246174E-6	1.488720069279715E-6	8.870802244560181E-6	1.4967453948599152E-6	7.416375897206461E-7	1.492284191789499E-6	1.4963847260668079E-6	3.83500361857007E-6	7.40092274644847E-7	4.603247288833896E-6	0.999958870283166	3.0655872798197865E-6
16	16	8.503863978595212E-7	1.7173402543892224E-6	1.009582387658182E-5	8.503109353918148E-7	1.715089494516555E-6	1.704735939266767E-6	1.0157971070912398E-5	1.7139257535395762E-6	8.492504932237996E-7	1.7088172221484563E-6	1.7135127510776161E-6	4.391469310249582E-6	0.999952902111244	5.271186472554379E-6	8.476594610666942E-7	3.5104093232224193E-6
17	17	1.4085975489058592E-5	2.844637777672491E-5	1.672293066132464E-4	1.4084725513196876E-5	2.8409095726496976E-5	2.8237597304320643E-5	1.6825872554357939E-4	2.83898192812027E-5	1.4067160130655685E-5	2.830520051479072E-5	0.3240951363896534	7.274120237674267E-5	1.4037849056183621E-5	0.6752263826258368	1.4040805946224112E-5	5.814714323739947E-5
18	18	8.641014662604346E-6	1.7450375918770698E-5	0.13263467228583792	8.640247867308034E-6	1.7427505316523682E-5	1.7322299938181918E-5	0.7566405410339413	1.7415680218108587E-5	8.629472417058912E-6	1.736377099805738E-5	1.7411483584274282E-5	0.11048802777470748	8.611491594609908E-6	5.356200394704384E-5	8.613305493137237E-6	3.5670253557746626E-5
19	19	9.594720947389712E-6	1.9376368853098488E-5	1.1390893959924153E-4	9.593869521118705E-6	1.9350974029107674E-5	1.923415716363906E-5	1.1461013259664364E-4	0.9994783808809294	9.581904787547517E-6	1.9280205372377736E-5	1.933318398291182E-5	4.9547973352968834E-5	9.561939426934327E-6	5.9473626804376006E-5	9.563953524916583E-6	3.960716910831663E-5
20	20	2.5033042328279983E-6	5.055378518329294E-6	2.971933547825653E-5	2.5030820920278814E-6	5.048752898810321E-6	5.0182748728836944E-6	2.9902279766897213E-5	5.045327164672382E-6	2.4999604412411996E-6	5.030289049896423E-6	5.0441113987408055E-6	1.292728075184716E-5	2.4947513922227875E-6	0.9998743789131738	2.495276879105831E-6	1.0333681888492783E-5
21	21	6.777420454458021E-5	1.3686880454177224E-4	8.046182702119664E-4	6.776819032712019E-5	1.3668942319186488E-4	1.3586426421351226E-4	8.095712853013825E-4	1.3659667521375847E-4	6.768367507078064E-5	1.361895348217018E-4	1.3656375969040962E-4	3.499918860805534E-4	6.75426458067276E-5	0.9965989474543185	6.755687278522658E-5	2.7977305388012544E-4
22	22	9.65391538315912E-6	1.9495910966705362E-5	0.9995703173126355	9.653058704031049E-6	1.947035946986436E-5	1.935282190511979E-5	1.1531721747901964E-4	1.9457148232069462E-5	9.641020154279405E-6	1.9399154207345856E-5	1.9452459668340273E-5	4.9853658566976504E-5	9.620931617779922E-6	5.984054813550687E-5	9.622958141698721E-6	3.9851524732690284E-5
23	23	1.9754684610389167E-7	3.9894235349456847E-7	2.345284650200351E-6	1.9752931598754438E-7	3.984194964553428E-7	3.96014340174967E-7	2.359721595881883E-6	0.9999892603221704	1.9728297267079534E-7	3.9696243219921014E-7	3.9805321508694207E-7	1.0201490924425002E-6	1.9687190349618476E-7	1.2245095470713692E-6	1.9691337199811624E-7	8.154766963368609E-7
24	24	7.349559209800175E-7	1.4842304527420149E-6	8.725428292293756E-6	7.348907017013552E-7	1.4822852084397955E-6	1.473337032936073E-6	0.99996734181963	1.4812794323318163E-6	7.339742027401754E-7	1.4768643271480242E-6	1.4809224903516048E-6	3.795376289524251E-6	7.324448555004146E-7	4.555681650535513E-6	7.325991354680771E-7	3.033910377282367E-6
25	25	8.546622849876044E-6	1.7259753326392567E-5	0.7156035191756608	8.545864430818035E-6	1.7237132555639718E-5	1.7133076408812793E-5	0.2841181726973773	1.7225436630998615E-5	8.535206688305992E-6	1.7174094451459348E-5	1.7221285839914316E-5	4.413550363220716E-5	8.517422282885726E-6	5.297690892714971E-5	8.519216366937927E-6	3.5280602570535E-5
26	26	3.2391309071599207E-6	6.541367442028316E-6	3.845510139178094E-5	3.23884346981133E-6	6.532794273541023E-6	6.493357470585344E-6	0.6210432729217933	6.5283615716822584E-6	3.2348042342234607E-6	6.508903120840589E-6	6.526788440876502E-6	0.37882952162534134	3.2280640260413384E-6	2.007800579081546E-5	3.2287439756782426E-6	1.3371186750226507E-5
27	27	2.5483002167569833E-8	5.146247110161899E-8	3.025352973400188E-7	0.2550440365396299	0.23841677586358515	5.1084765401722175E-8	3.0439762379752187E-7	5.136015087075486E-8	2.5448963217314856E-8	5.1207066676510125E-8	0.506537879071144	1.3159643925818413E-7	2.5395936419498435E-8	1.5795837826648518E-7	2.5401285742686567E-8	1.0519426065362797E-7
28	28	0.48813955915787777	9.299185963504726E-8	5.466764285247323E-7	4.604328987689373E-8	9.28699837600619E-8	9.23093514951096E-8	5.500416225549373E-7	9.280696861946517E-8	0.20681488189981845	0.3050431473231777	9.278460504481923E-8	2.3779265445308354E-7	4.589004966666452E-8	2.854282552995125E-7	4.589971580784284E-8	1.9008434130181135E-7
29	29	2.3042455187272464E-6	4.65338297421824E-6	0.9998974411554754	2.3040410422051826E-6	4.647284213274534E-6	4.619229750800453E-6	2.7524498720142406E-5	4.644130887988626E-6	2.301167620053007E-6	4.630288579839184E-6	4.643011797802576E-6	1.1899324241593094E-5	2.2963727862089612E-6	1.42830457287789E-5	2.2968564872228148E-6	9.511964175689737E-6
30	30	2.948483104753596E-7	5.954409357822692E-7	3.500451818561054E-6	2.948221459210305E-7	5.946605461295042E-7	5.910707329804497E-7	3.521999664687565E-6	5.942570506576143E-7	2.944544664962618E-7	5.924858066049419E-7	5.941138533082239E-7	0.9999848988718791	2.938409256880289E-7	1.8276402698176432E-6	2.93902819451324E-7	1.2171387743669707E-6
31	31	9.182540988973781E-7	1.8543978734416127E-6	1.090155214118172E-5	9.181726139154232E-7	1.8519674847572303E-6	1.8407876321981956E-6	1.0968659183430592E-5	1.8507108678536024E-6	9.170275398998054E-7	1.8451946344083717E-6	1.8502649044603682E-6	4.741944020352102E-6	9.151167731021516E-7	5.691869715530254E-6	9.153095305296922E-7	0.999952018770986
32	32	6.605013610907431E-7	0.6314678976854311	7.841500556216891E-6	6.604427488378226E-7	1.3321226072900498E-6	1.3240809248832919E-6	7.889770738508892E-6	1.331218721125847E-6	6.596190956172454E-7	1.3272508872734915E-6	1.3308979390802437E-6	3.410886467503485E-6	6.582446785881324E-7	4.094169248765929E-6	6.583833292550924E-7	0.3684989232252649
33	33	1.5294731774255065E-6	3.0887439665225154E-6	1.8157971319991292E-5	1.5293374534527926E-6	3.084695833976257E-6	3.0660743166455443E-6	1.826974693989787E-5	3.082602772969825E-6	1.5274301818215992E-6	3.073414759428662E-6	3.081859962184788E-6	7.898332494993145E-6	1.5242475479854574E-6	9.480558888609963E-6	1.5245686108759217E-6	0.9999200809417732
34	34	3.1133277544211576E-7	0.6074312714319806	3.696156095373282E-6	3.113051480722849E-7	6.279070006334485E-7	6.241164871683658E-7	3.718908644738583E-6	6.2748094641954E-7	3.1091691231946123E-7	6.256106751399971E-7	6.273297431511551E-7	0.39255341189266263	3.1026906949354783E-7	1.9298205127739937E-6	3.103344236313353E-7	1.285186922424477E-6
35	35	1.8385708469601404E-6	3.712961230305012E-6	2.1827592141935643E-5	1.8384076939587355E-6	3.708094993620359E-6	3.685710175504071E-6	2.1961956967154126E-5	3.7055789371087877E-6	1.8361149737789352E-6	3.694534079253423E-6	3.704686008566899E-6	9.494539740367317E-6	1.8322891480802272E-6	1.1396524922932867E-5	1.8326750959210662E-6	0.9999039297630445
