0	0	8.909930873396616E-5	4.033784704974649E-6	8.109877190108006E-6	4.040863723262363E-6	4.022268214530087E-6	3.8745251634281286E-5	2.4751478956224617E-5	4.033532936383662E-6	0.9997861533244101	1.223068981354135E-5	1.6674459042002838E-5	8.105160640650954E-6
1	1	3.35344516332922E-6	0.999991480242979	3.052327658294623E-7	1.5208664467764693E-7	1.5138676249332958E-7	1.4582613326765644E-6	9.315754361105876E-7	1.5181073466048646E-7	6.229951476536217E-7	4.603284602562198E-7	6.275793249136526E-7	3.0505524829100894E-7
2	2	0.2361067043620092	9.395287807326872E-5	1.8889116761530014E-4	9.411775899545669E-5	9.368464178856182E-5	9.024348518711096E-4	0.761178705669999	9.394701400627909E-5	3.855362006735128E-4	2.8487105605474837E-4	3.8837308678844103E-4	1.8878131212511534E-4
3	3	0.9990480837146216	2.7174979671358344E-5	5.4634980272151835E-5	2.722266991566527E-5	2.7097394867853484E-5	2.610207292979149E-4	1.6674686099184982E-4	2.717328354555036E-5	1.1151269264689315E-4	8.23962534836783E-5	1.1233323507288475E-4	5.460320561262272E-5
4	4	0.999893483710261	3.040790511504915E-6	6.1134739240639635E-6	3.046126892401372E-6	3.032109028126173E-6	2.9207357891485006E-5	1.8658423257687074E-5	3.0406007206264815E-6	1.2477902166396997E-5	9.219868747162122E-6	1.2569718154979769E-5	6.10991844456146E-6
5	5	0.6780285293429015	1.3952491896386765E-5	2.8051322529962576E-5	1.3976977572375344E-5	1.3912657410573875E-5	0.19997463023684428	8.56130990665953E-5	1.3951621051886517E-5	5.7254134476497806E-5	0.1216844176809877	5.7675426844983213E-5	2.8035008417313662E-5
6	6	0.9998679852998446	3.7687103878268402E-6	7.576948361340982E-6	3.7753242186848978E-6	3.7579506868650602E-6	3.6199163562944395E-5	2.3124971380193524E-5	3.7684751638440105E-6	1.546492576021424E-5	1.1426967754063831E-5	1.557872112646235E-5	7.5725417530974715E-6
7	7	0.99945436577616	1.5576578706138655E-5	3.1316530154186755E-5	1.5603914544212702E-5	1.5532107438347145E-5	1.4961593285488017E-4	9.557856659516247E-5	1.5575606494292938E-5	6.391858447564965E-5	4.7229169736314025E-5	6.438891578168022E-5	3.1298317059236854E-5
8	8	0.6105715902846444	6.578741348295919E-6	1.3226482894431214E-5	6.59028659270554E-6	6.559958984482238E-6	0.20490422268313122	4.036744396397193E-5	6.578330736287379E-6	0.18438392528975903	1.9947158978340133E-5	2.7194548341860553E-5	1.3218790624961273E-5
9	9	0.8475198197231856	1.1628621113551341E-5	2.3379207374378467E-5	1.1649028554092777E-5	1.1595421299051453E-5	0.15218453469592122	7.135372654544888E-5	1.1627895313399125E-5	4.77181167318167E-5	3.525871314441857E-5	4.806924034238953E-5	2.3365610474541016E-5
10	10	0.9994596076361608	1.5426935884442532E-5	3.101567500323134E-5	1.5454009109524344E-5	1.5382891848209524E-5	1.4817858574641158E-4	9.466035171185603E-5	1.542597301255051E-5	6.330452425612349E-5	4.677544325638286E-5	6.377033713066186E-5	3.099763687988282E-5
11	11	0.0011408084529732957	5.164771482851244E-5	1.0383712940663461E-4	5.173835306146988E-5	5.1500260153112314E-5	4.960858979157867E-4	0.9973669289211405	5.1644491237433315E-5	2.119367086650119E-4	1.5659913105098291E-4	2.1349619984899155E-4	1.0377673971825288E-4
12	12	0.9997837287144365	6.174038493682468E-6	1.2412832516573023E-5	6.184873512059112E-6	6.156411560041423E-6	5.930278696888698E-5	3.7884169589626805E-5	6.173653141194435E-6	2.5335204120198202E-5	1.8720074380759226E-5	2.5521627829987074E-5	1.2405613450600245E-5
13	13	0.9995676099091146	1.2343724033706244E-5	2.4816913470490083E-5	1.2365386431321398E-5	1.2308482594144739E-5	1.185637630090324E-4	7.574162926567103E-5	1.2342953600419691E-5	5.0652545868857645E-5	3.742695033129322E-5	5.1025261851974396E-5	2.4802480428285978E-5
14	14	0.9965043904301886	9.979146323867033E-5	2.0062957512053935E-4	9.996659048141906E-5	9.950655774249457E-5	9.585155472891584E-4	6.123247726426028E-4	9.97852347565054E-5	4.0949487004202594E-4	3.025740147723778E-4	4.125080509286123E-4	2.0051289279706872E-4
15	15	1.997064491094975E-5	9.041291468466705E-7	1.8177411243294667E-6	9.057158321145008E-7	0.9999492600325512	8.68432845740647E-6	5.547775895001645E-6	9.040727156442092E-7	3.710099396014411E-6	2.741376636394604E-6	3.7373993731454044E-6	1.816683960859288E-6
16	16	2.1327565186426446E-5	9.655608720851995E-7	1.941248892765031E-6	9.672553658599818E-7	9.628041873907242E-7	9.274391593339203E-6	5.9247236415213936E-6	9.655006066228468E-7	0.9999488118485054	2.927641504516233E-6	3.991339744605032E-6	1.9401198995390494E-6
17	17	0.32507067740650764	2.0049716627739095E-5	4.03097218715971E-5	2.0084902519166616E-5	1.9992474512245232E-5	1.9258125377384682E-4	0.5869502280519794	2.004846522508024E-5	8.22741328606343E-5	6.0792006231978675E-5	8.287952956455562E-5	0.08744008233832629
18	18	0.8989425800197276	1.1545017135486447E-5	2.3211122549753438E-5	1.156527785672258E-5	1.151205601107166E-5	0.10076389994345013	7.08407288881426E-5	1.1544296553474834E-5	4.73750473046173E-5	3.50052206063491E-5	4.772364651179357E-5	2.319762340483505E-5
19	19	2.5500940712702247E-4	1.1545017135486447E-5	0.0719182167715578	1.156527785672258E-5	1.151205601107166E-5	1.1089203483886056E-4	0.9275164136010918	1.1544296553474834E-5	4.73750473046173E-5	3.50052206063491E-5	4.772364651179357E-5	2.319762340483505E-5
20	20	8.059614724242385E-5	3.6488218668125045E-6	7.335913885522062E-6	3.6552253014558854E-6	3.6384044486217834E-6	3.50476120413588E-5	2.2389330184142664E-5	3.6485941256692956E-6	0.9998065617074022	1.1063458191711075E-5	1.508313785182836E-5	7.331647458319447E-6
21	21	0.9962727660988251	1.0640379521877525E-4	2.1392359158917774E-4	1.0659052665521183E-4	1.0610001145723961E-4	0.0010220282246372126	6.528983301890179E-4	1.0639715402804316E-4	4.366286141218354E-4	3.226230226664E-4	4.3984145289188784E-4	2.137991777200021E-4
22	22	0.6536578165989021	1.2343724033706244E-5	2.4816913470490083E-5	1.2365386431321398E-5	1.2308482594144739E-5	0.25378574552383165	7.574162926567103E-5	1.2342953600419691E-5	5.0652545868857645E-5	0.09228003849972134	5.1025261851974396E-5	2.4802480428285978E-5
23	23	4.729865748385634E-6	2.1413477145359837E-7	4.30515465160762E-7	2.1451056343904715E-7	2.135234148171739E-7	2.0568042695454474E-6	0.9999890831167348	2.1412140623615787E-7	8.787033235312902E-7	6.492701419370844E-7	8.851690750049843E-7	4.3026508560064574E-7
24	24	0.9999692636330482	8.774512632223934E-7	1.7641055498730355E-6	8.789911306157295E-7	8.749461322281667E-7	8.428082428009323E-6	5.384079237044522E-6	8.773964971195002E-7	3.6006265399887235E-6	2.6604876094993675E-6	3.627120984397554E-6	1.763079579827079E-6
25	25	0.9996277071262522	1.0628089288191241E-5	2.136764978716807E-5	1.0646740863309213E-5	1.0597746000761831E-5	1.0208477248543859E-4	6.521441960874187E-5	1.062742593621272E-5	4.361242836427729E-5	3.2225037502418086E-5	4.393334114042848E-5	2.1355222770748505E-5
26	26	0.7453204956711919	4.2137265309801606E-6	8.471648136502045E-6	4.221121334955555E-6	4.201696305056059E-6	4.047362630919081E-5	2.5855609852012727E-5	4.213463531323733E-6	1.7291052182184125E-5	1.277628478682822E-5	0.2545493193786512	8.466721187982122E-6
27	27	6.121365616033375E-7	2.7713201534750004E-8	0.2805118303864227	0.5437655621707199	2.7634080103140238E-8	2.6619045030619386E-7	8.646012406294816E-5	0.17563484565228712	1.137212893028638E-7	8.402817614278586E-8	1.1455808321749863E-7	5.568466508112633E-8
28	28	1.0977900458487563E-6	4.97001464898011E-8	9.992156593424277E-8	4.978736687255218E-8	4.95582521389605E-8	4.773791421324969E-7	3.049622674324964E-7	4.969704445616055E-8	2.0394485026474828E-7	0.48777344878745227	2.054455350588518E-7	0.5122239630263311
29	29	6.178402480106453E-5	2.797142399818645E-6	5.6236222319445185E-6	2.802051194821322E-6	2.789156533919589E-6	2.686707250494469E-5	1.7163387813259586E-5	2.7969678162321876E-6	1.1478090673580936E-5	8.481112294936303E-6	0.9998517970200946	5.620351640816814E-6
30	30	7.797094289016128E-6	3.5299712347025754E-7	7.096966073262881E-7	3.53616609455584E-7	3.519893136101057E-7	3.390602963555672E-6	2.166005751969554E-6	3.529750911619172E-7	1.4485258208404255E-6	1.0703095574021742E-6	0.9999812969030109	7.09283861353755E-7
31	31	2.8193252133350845E-5	1.2763904777147891E-6	2.566168196365176E-6	1.2786304563440062E-6	1.272746371790642E-6	0.9999393558492995	7.831987664121414E-6	1.2763108118288714E-6	5.237676007862708E-6	3.870096486467182E-6	5.276216332520265E-6	2.5646757620249825E-6
32	32	1.8114420640889958E-5	8.200924783700774E-7	1.648786380668879E-6	8.215316849903114E-7	8.177511072058806E-7	0.9999610355822024	5.032123230449561E-6	8.200412923145838E-7	3.365254421106257E-6	2.486572153688064E-6	3.390016929850596E-6	1.647827478046035E-6
33	33	4.0859388761343216E-5	1.8498233014605642E-6	3.719048212896527E-6	1.8530696157628441E-6	1.8445420398332081E-6	0.9999121107803438	1.1350596491272789E-5	1.8497078447765201E-6	7.59076105158029E-6	5.608780999670962E-6	7.646616051944322E-6	3.716885285589726E-6
34	34	8.165043317777285E-6	3.69655245575993E-7	7.431875678945933E-7	3.703039654346296E-7	3.685998766322296E-7	3.550607321732086E-6	2.268220716055726E-6	3.696321735512975E-7	1.5168825251661015E-6	1.1208180349865343E-6	0.999980414293911	7.427553442199714E-7
35	35	4.974072208744975E-5	2.2519070778633423E-6	4.527432964502122E-6	2.2558590218941595E-6	2.24547786355444E-6	0.999893006885763	1.3817800087438747E-5	2.2517665251285057E-6	9.240714248180563E-6	6.827924386816758E-6	9.308710078136055E-6	4.524799896085672E-6
