0	0	1.8955218700025053E-6	9.717207896820732E-6	9.769463572783587E-6	1.8984355509382886E-6	5.726528442594197E-6	3.808832782281178E-6	1.8925883447832024E-6	9.495840344853797E-6	1.896050989131289E-6	1.896078699233218E-6	1.8963520085752558E-6	0.9999501070994982
1	1	8.898246892800019E-8	4.561599438283591E-7	4.5861300920115276E-7	8.91192473674566E-8	2.6882340281717456E-7	1.7880001811893393E-7	8.884475892802231E-8	4.4576817171203986E-7	0.9999956502063759	8.900860845216197E-8	8.90214385547424E-8	2.096652556154066E-6
2	2	4.229843799264122E-5	2.1683881478230167E-4	2.1800489653765246E-4	4.236345657899623E-5	0.8782709738640285	8.499383721985049E-5	4.2232976582486995E-5	2.1189901333836273E-4	4.231024524900357E-5	4.231086359799061E-5	4.2316962476848166E-5	0.12074345663161536
3	3	1.4119340678151095E-5	7.238142218609732E-5	7.277066364142573E-5	1.4141044069924517E-5	0.6395918850705371	2.8371188162058488E-5	1.4097489470515474E-5	7.073250220750305E-5	1.4123281974401406E-5	1.4123488381077875E-5	1.4125524204442311E-5	0.3600791289844874
4	4	1.5744631457806401E-6	8.071331676807626E-6	8.114736417878359E-6	1.5768833147718574E-6	4.756583465912346E-6	3.1637022706231955E-6	1.5720264936807072E-6	7.887458803716924E-6	1.5749026440429293E-6	1.574925660677527E-6	1.5751526775709986E-6	0.9999585578334287
5	5	7.305591301388299E-6	3.745140090876472E-5	3.765280117631314E-5	7.316821012021735E-6	2.2070795931947518E-5	0.13789544773406118	7.294285108268768E-6	3.6598221165680494E-5	7.307630596300066E-6	7.307737394687792E-6	7.308790764940795E-6	0.8619269381905784
6	6	2.180209210315705E-6	1.1176629766436333E-5	1.1236733692341094E-5	2.1835604953167625E-6	6.5865924583936435E-6	4.380879188943803E-6	2.17683510062959E-6	1.0922015149057786E-5	2.18081779754236E-6	2.1808496694085727E-6	2.1811640269236222E-6	0.9999426137134447
7	7	8.086026590819983E-6	4.145222626321611E-5	4.1675141541611897E-5	8.098455939115436E-6	2.4428555530114996E-5	1.6247938704854806E-5	8.073512589634604E-6	4.0507903784073734E-5	8.088283737737022E-6	8.088401945089088E-6	8.089567843854071E-6	0.9997871639855298
8	8	3.270135989496116E-6	1.676403304213385E-5	0.15431266785014755	3.275162643654425E-6	9.879351460595744E-6	6.5709614626044084E-6	3.2650751001718877E-6	1.638213188338184E-5	3.271048820697459E-6	3.2710966258971907E-6	3.2715681365295957E-6	0.8456181115846874
9	9	6.790627952884799E-6	3.4811491554068204E-5	3.499869533130016E-5	6.801066093178212E-6	2.051504903777165E-5	1.3644984406952987E-5	6.780118721274264E-6	3.4018451542218396E-5	6.792523500070609E-6	6.792622770353752E-6	6.793601889659731E-6	0.9998212607672001
10	10	8.826919319908281E-6	4.52503405407287E-5	4.549368072214838E-5	8.840487523446909E-6	2.6666853780944342E-5	1.773667727303685E-5	8.813258707048316E-6	0.008373883476708513	8.829383280854503E-6	8.829512319109321E-6	8.830785044868766E-6	0.9914379986247794
11	11	2.3521190024464806E-5	1.2057908540408892E-4	1.2122751669028533E-4	2.3557345367247067E-5	7.105946167668462E-5	4.726312107563716E-5	2.3484788437536824E-5	1.1783217525893824E-4	2.3527755768585542E-5	2.352809961825744E-5	2.3531491064735193E-5	0.9993808879696136
12	12	3.3635527695455895E-6	1.7242925049215313E-5	1.733565134606838E-5	3.3687230182967227E-6	1.0161571284294307E-5	6.75867171796913E-6	3.3583473076450603E-6	1.6850114259590958E-5	3.3644916772623535E-6	3.36454084809576E-6	3.365025828200132E-6	0.9999114663848938
13	13	7.0154044935871115E-6	3.596378655572369E-5	3.615718696421634E-5	7.02618814670832E-6	2.1194117569731143E-5	1.4096646965145255E-5	7.00454739595546E-6	3.5144496130548503E-5	7.0173627852705024E-6	7.0174653414987725E-6	7.018476870627828E-6	0.9998153443207809
14	14	5.2845171464417954E-5	0.1997436799732078	2.723624484577704E-4	5.292640184802934E-5	1.596496364583526E-4	1.0618628286186902E-4	5.276338784289264E-5	2.647341184313919E-4	5.2859922753510514E-5	5.286069528223251E-5	5.28683148614478E-5	0.7991362636465303
15	15	5.029284957208812E-7	2.5782138562973475E-6	2.5920785702427695E-6	5.037015668171498E-7	1.5193886079156308E-6	1.010576861158832E-6	0.9999754140681779	2.519479609188926E-6	5.03068884018008E-7	5.030762361884578E-7	5.031487518678771E-7	1.185027038268765E-5
16	16	5.718654594408981E-7	0.9999744046794188	2.9473776393482705E-6	5.727444962451549E-7	1.7276528805342524E-6	1.149097746347765E-6	5.709804357575175E-7	2.8648274586143686E-6	5.720250909167831E-7	5.72033450857347E-7	5.721159063409409E-7	1.3474600016809457E-5
17	17	9.54227480475858E-6	4.891754062764311E-5	4.9180601702293384E-5	9.556942609241676E-6	2.8828001903469345E-5	1.9174101691505236E-5	9.52750710187302E-6	4.78031509457544E-5	9.544938451225133E-6	9.545077947060904E-6	9.54645381767981E-6	0.9997488334083975
18	18	5.852969762748717E-6	3.0004678341358114E-5	3.0166032792700937E-5	5.861966591899211E-6	1.7682306044815E-5	1.1760868317508959E-5	5.843911658656878E-6	2.932114226160058E-5	5.854603570467147E-6	5.854689133388515E-6	5.855533054706511E-6	0.99984594129847
19	19	6.499100437746849E-6	3.3317004195694823E-5	3.349617115330132E-5	6.5090904596742555E-6	1.9634320287734023E-5	1.3059193457153535E-5	6.489042376513883E-6	0.9997083569238857	6.500914607457006E-6	6.501009615981269E-6	6.5019467008509225E-6	1.5313528282216637E-4
20	20	1.695371689045186E-6	8.691157525296403E-6	8.737895468562246E-6	1.6979777112956342E-6	5.121858181500903E-6	3.4066540563724443E-6	1.6927479178903328E-6	8.493164409829218E-6	1.695844937919424E-6	1.6958697220820627E-6	1.6961141723984506E-6	0.999955375344208
21	21	4.596812882310857E-5	2.3565112672711762E-4	2.3691837438192623E-4	4.6038788235023106E-5	1.38873521495174E-4	9.236765809584082E-5	4.589698816927556E-5	2.302827623167092E-4	4.598096044307541E-5	4.59816324382422E-5	4.5988260438289133E-5	0.9987900517984364
22	22	6.53920525515611E-6	3.3522597628615387E-5	3.370287019432711E-5	6.549256923769723E-6	1.975548026020054E-5	1.3139779466575624E-5	6.529085127378226E-6	3.275891988790891E-5	6.541030619791729E-6	6.541126214597057E-6	6.542069082054309E-6	0.9998278785793395
23	23	1.320321388955348E-7	6.768498760228638E-7	6.804897330859735E-7	1.3223509066944924E-7	3.9888001857811766E-7	2.6530336943005045E-7	1.3182780487262638E-7	0.9999940751401671	1.3206899456647662E-7	1.3207092470723872E-7	1.3208996200645453E-7	3.1110119200424075E-6
24	24	4.977316182248909E-7	2.5515725709384084E-6	2.56529401755954E-6	4.98496700997139E-7	0.9999766748474344	1.0001343346517647E-6	4.969613246832473E-7	2.4934452385099834E-6	4.978705558569864E-7	4.978778320557433E-7	4.97949598413727E-7	1.1727818773766751E-5
25	25	5.789021352420465E-6	2.9676853056055548E-5	2.983644458001603E-5	5.7979198839638475E-6	1.7489112604845385E-5	1.1632371355544236E-5	5.780062215413839E-6	2.90007851586865E-5	5.79063730947323E-6	5.790721937550746E-6	5.791556638348404E-6	0.9998476245139076
26	26	2.1937494005239122E-6	1.1246042230253208E-5	1.1306519431614821E-5	2.1971214986818636E-6	6.627498493598255E-6	4.408086640970339E-6	2.1903543359281875E-6	1.0989846328687446E-5	2.1943617673817912E-6	2.194393837188243E-6	2.19471014702077E-6	0.9999422573158881
27	27	0.14725762898741857	8.74758986891978E-8	8.794631285188723E-8	0.6298503714248989	5.155114794333818E-8	3.428773719001459E-8	1.703739058240983E-8	1.6188010386007695E-5	1.7068561874555286E-8	1.706881132543611E-8	0.2228750970750796	4.0206635648304914E-7
28	28	3.103697055248691E-8	1.5910800087240338E-7	1.599636269148807E-7	3.1084678695998397E-8	9.376525665754513E-8	0.6463394535511716	3.098893748186538E-8	1.554833641428547E-7	3.104563426408987E-8	0.3536590916120846	3.1050563108101634E-8	7.313097110938146E-7
29	29	1.5605514469947108E-6	8.000014710519791E-6	0.9277708658350176	1.562950231768643E-6	4.714555072548401E-6	3.1357483149175836E-6	1.5581363247541151E-6	0.07216714842865897	1.560987061922253E-6	1.5610098751856327E-6	1.5612348861949718E-6	3.6770548398683556E-5
30	30	1.996771002324044E-7	1.0236251693524489E-6	0.9999910684386225	1.9998403172682122E-7	6.032410450711839E-7	4.012281247037373E-7	1.9936807831157144E-7	1.0003059813431618E-6	1.997328384304094E-7	1.9973575745386564E-7	1.997645482674923E-7	4.704898702534924E-6
31	31	6.218685757532294E-7	3.1879485701138105E-6	0.9999721838040186	6.228244743067673E-7	1.8787164331697769E-6	1.2495732468632905E-6	6.209061668362268E-7	3.115323966600544E-6	6.220421651822029E-7	6.220512561042827E-7	6.221409213800902E-7	1.4652800204947063E-5
32	32	4.4730826537601604E-7	0.9999799795594192	2.305413550512201E-6	4.479958404369372E-7	1.3513552889156817E-6	8.988144172386927E-7	4.466160074295111E-7	2.2408435060359013E-6	4.47433127749497E-7	4.4743966682341825E-7	4.475041627966025E-7	1.0539716747445195E-5
33	33	1.0358183488815317E-6	0.9999536392655548	5.338577089277049E-6	1.0374105458505209E-6	3.129292956257587E-6	2.0813576177325382E-6	1.0342153078946944E-6	5.189054171786524E-6	1.0361074889389542E-6	1.0361226312765247E-6	1.0362719826693434E-6	2.4406506304640875E-5
34	34	2.1084078408270275E-7	1.0808547052309169E-6	0.9999905690867821	2.1116487571297582E-7	6.369674578889788E-7	4.236602610419918E-7	2.1051448515302414E-7	1.0562317721137614E-6	2.1089963852999317E-7	2.109027207522087E-7	2.1093312122232951E-7	4.967943396201079E-6
35	35	1.2451599350278341E-6	0.9999442696403746	6.417517423593706E-6	1.2470739191512073E-6	3.7617312131071373E-6	2.5020054132695644E-6	1.2432329152823617E-6	6.237775535038913E-6	1.2455075110439405E-6	1.245525713687373E-6	1.245705249385673E-6	2.9339124796696192E-5
