0	0	2.507796812177815E-5	2.679830162400073E-6	1.086579865822562E-5	2.6795455258939406E-6	2.6743307724734387E-6	2.5274119562110936E-5	2.68167060631536E-6	2.6838555792876394E-6	8.159585534604283E-6	1.954261885179384E-5	0.999895001376192	2.6793004330978858E-6
1	1	9.456471555143048E-7	1.0105179805752864E-7	4.097306266459057E-7	0.9999953116418279	1.0084442549784071E-7	9.53043689822826E-7	1.011211980402116E-7	1.0120358962257896E-7	3.0768397238185423E-7	7.369186306784699E-7	8.300812629629097E-7	1.010318228743171E-7
2	2	5.854529620691128E-4	6.256146824976626E-5	0.9972885341579444	6.25548233220425E-5	6.243308328227263E-5	5.900321784234563E-4	6.260443398512788E-5	6.265544285843252E-5	1.9048806096622658E-4	4.562285125258842E-4	5.139057748187286E-4	6.254910155452389E-5
3	3	0.9993128796193274	1.8064315407684866E-5	7.324464694538483E-5	1.8062396717577017E-5	1.8027244881508092E-5	1.7036888151621233E-4	1.8076721551866082E-5	1.8091450112460078E-5	5.500248812822703E-5	1.31733732899999E-4	1.4838775792623557E-4	1.8060744585425434E-5
4	4	0.1193256619979656	2.0200866654922076E-6	8.190763462318175E-6	2.019872103234264E-6	2.015941162387195E-6	1.905192076192995E-5	2.0214740131920814E-6	2.023121070840619E-6	6.150789018523053E-6	1.4731449890073935E-5	0.880614092896537	2.019687349477826E-6
5	5	0.6172067660000558	9.2716447073151E-6	3.7593361711423635E-5	9.270659925296962E-6	9.252617983076323E-6	8.744309999863017E-5	9.27801225341026E-6	9.285571797062801E-6	2.8230437546849442E-5	0.3825081776578067	7.61611242583734E-5	9.269811956139357E-6
6	6	0.5656839974973046	2.50371199217442E-6	1.0151699457247466E-5	2.503446061951E-6	2.4985740216036933E-6	0.4342443808056528	2.505431482299683E-6	2.507472859066774E-6	7.623338389424314E-6	1.8258279895584473E-5	2.0566525806659676E-5	2.503217076628987E-6
7	7	0.2621041850590031	1.0351306376063826E-5	4.1971022085662E-5	1.0350206918448144E-5	1.0330064033615884E-5	9.762564756654943E-5	1.0358415408234E-5	1.0366855243331321E-5	3.1517806969805306E-5	7.54867371685917E-5	0.7375871076190215	1.0349260205235448E-5
8	8	4.090258715155863E-5	4.370847998397267E-6	1.772230008552421E-5	4.370383751475744E-6	4.361878401073343E-6	4.122251344479561E-5	4.3738497933304556E-6	4.377413520941419E-6	1.330842103431482E-5	0.21310247991109657	0.786758139909721	4.369984001009432E-6
9	9	7.502636138746175E-5	8.017312457090412E-6	3.250747161559233E-5	8.016460903197789E-6	8.000859799760173E-6	0.9996956287596117	8.02281855749022E-6	8.029355393769939E-6	2.4411228617819914E-5	5.8466123623421605E-5	6.585752037941159E-5	8.015727653175262E-6
10	10	0.33647087782446	1.0251822945503354E-5	4.1567650655089124E-5	1.0250734054458826E-5	1.0230784757103518E-5	0.663235856432742	1.0258863654808513E-5	1.0267222377076367E-5	3.121489838540194E-5	7.476125583294951E-5	8.421271369590988E-5	1.0249796439834726E-5
11	11	3.214853484805926E-4	3.4353904967277874E-5	0.9985110733097229	3.435025608847238E-5	3.428340590298329E-5	3.2399989885581194E-4	3.437749841594134E-5	3.440550853199232E-5	1.0460126539404278E-4	2.505253057697431E-4	2.8219718373255834E-4	3.434711413763462E-5
12	12	3.838599421816455E-5	4.1019250291741065E-6	1.6631909030467925E-5	4.101489345739723E-6	4.0935072997591035E-6	0.9998442734999053	4.1047421341783085E-6	4.108086598110692E-6	1.2489600498452613E-5	2.9913223057385462E-5	3.369490869284276E-5	4.101114190519548E-6
13	13	7.675706588509223E-5	8.202255435422212E-6	3.325735240804007E-5	8.201384237925333E-6	8.185423248983635E-6	0.9996886075384709	8.207888550281341E-6	8.214576177986105E-6	2.4974345666017953E-5	5.98148173524365E-5	6.73767184934559E-5	8.200634073326536E-6
14	14	0.9974720602564656	6.645924374143241E-5	2.694695998292665E-4	6.645218481389134E-5	6.632285998820381E-5	6.267930318479911E-4	6.650488637672875E-5	6.655907326266301E-5	2.0235606400805003E-4	4.846529783268341E-4	5.459237147768694E-4	6.64461065623287E-5
15	15	5.69749493936817E-6	6.088339659137424E-7	2.468614385615718E-6	6.08769298989956E-7	0.9999717516018996	5.742058830398692E-6	6.092520986684625E-7	6.097485054104986E-7	1.8537864417483485E-6	4.439912016372783E-6	5.001214001879346E-6	6.087136160511145E-7
16	16	6.131442994226205E-6	6.552056289079829E-7	2.656635686596689E-6	6.551360366466422E-7	6.538610544323141E-7	6.17940108113323E-6	6.556556086230802E-7	6.561898240411077E-7	1.9949795501371563E-6	0.9999737242864021	5.3821300204348605E-6	6.550761126328622E-7
17	17	1.2469993388436674E-4	1.3325427420988614E-5	5.403007004801561E-5	1.3324012068942411E-5	1.3298081762164681E-5	1.2567529486744337E-4	1.3334579009085376E-5	1.3345443764310331E-5	4.0573453628620527E-5	9.717546760216866E-5	0.9994778954425965	1.3322793347580491E-5
18	18	7.17889909117004E-5	7.671367243120915E-6	3.110478158899647E-5	7.670552433585603E-6	7.655624514222548E-6	0.9997087623095944	7.676635756537412E-6	7.6828905298144E-6	2.33578896401203E-5	5.594332365084676E-5	6.30157833133943E-5	7.669850823135225E-6
19	19	7.17889909117004E-5	7.671367243120915E-6	0.9996675165909064	7.670552433585603E-6	7.655624514222548E-6	7.235050027717163E-5	7.676635756537412E-6	7.6828905298144E-6	2.33578896401203E-5	5.594332365084676E-5	6.30157833133943E-5	7.669850823135225E-6
20	20	2.337498222614724E-5	2.4978491922077384E-6	1.0127927800033802E-5	2.4975838846979975E-6	2.4927232529304614E-6	2.3557813483015706E-5	2.4995646559007763E-6	2.5016012524920006E-6	7.605487251515796E-6	1.821552552004205E-5	0.9999021315860455	2.497355435577889E-6
21	21	6.632511401171955E-4	7.087497686819259E-5	2.873738938240999E-4	7.08674489262838E-5	7.072953140701818E-5	6.684388676796759E-4	7.092365212446569E-5	7.098143933465561E-5	2.1580115192866513E-4	5.168546419465269E-4	0.9972230422890241	7.086096681913587E-5
22	22	0.9996880071704924	8.202255435422212E-6	3.325735240804007E-5	8.201384237925333E-6	8.185423248983635E-6	7.735743386370867E-5	8.207888550281341E-6	8.214576177986105E-6	2.4974345666017953E-5	5.98148173524365E-5	6.73767184934559E-5	8.200634073326536E-6
23	23	1.3330971935420673E-6	1.4245468577506165E-7	0.9999938258959497	1.424395550385657E-7	1.4216234864305044E-7	1.3435242318629985E-6	1.4255252028088872E-7	1.4266866929755413E-7	4.337480821343412E-7	1.0388485310803335E-6	1.170181706374276E-6	1.4242652637065324E-7
24	24	0.9999778285680999	5.828843826325705E-7	2.3633976628717874E-6	5.828224719277507E-7	5.816882215671354E-7	5.497322100572536E-6	5.832846938278038E-7	5.837599428342092E-7	1.7747747762551798E-6	4.25067509287587E-6	4.788053392395352E-6	5.827691622945059E-7
25	25	6.608581505291028E-5	7.061926214500052E-6	2.8633705770846325E-5	7.061176136367318E-6	7.047434144654898E-6	0.9997318992800964	7.066776178245533E-6	7.072534049817922E-6	2.1502254805084528E-5	5.14989846393342E-5	5.800958264736537E-5	7.060530264376724E-6
26	26	2.6196784116352467E-5	2.7993867721651267E-6	1.1350559994296136E-5	2.799089437027504E-6	2.7936420351920155E-6	0.9998937233856445	2.8013093247297093E-6	2.8035917769992435E-6	8.523613224602209E-6	2.0414483527635298E-5	2.2995320736773054E-5	2.7988334097833697E-6
27	27	1.7217376381061657E-7	0.20074840314330727	7.459956256066902E-8	1.839652384334979E-8	1.83607217512747E-8	1.7352044913994516E-7	1.8411113665490855E-8	0.7992507616764492	5.60199512897327E-8	1.341706084835345E-7	1.5113270788116105E-7	1.839484114924257E-8
28	28	3.1583506976862306E-7	3.375011652457889E-8	1.368452284749602E-7	3.374653177679006E-8	3.3680856519432985E-8	3.183054255622777E-7	0.6929686145962438	3.380081312875985E-8	1.0276284163415962E-7	2.461221881511935E-7	2.7723741574512827E-7	0.307029853317269
29	29	1.7389233506801005E-5	1.8582124447345039E-6	7.5344186254740745E-6	1.8580150758469743E-6	1.854399130389625E-6	0.999929454361454	1.859488621051648E-6	1.8610036961580724E-6	5.657912056149827E-6	1.3550984708890312E-5	1.5264125553713437E-5	1.8578451268367225E-6
30	30	2.194369804740075E-6	2.344902251110068E-7	9.507780041912302E-7	2.3446531887652438E-7	2.3400901805543926E-7	2.211533428034131E-6	2.3465126744647087E-7	2.348424567282843E-7	0.9999896002006745	1.710016238384144E-6	1.9261996911899566E-6	2.344438727917216E-7
31	31	7.934736109107248E-6	8.479054225052942E-7	3.4379677232638057E-6	8.478153627543522E-7	8.461654008409779E-7	7.996798948843867E-6	8.484877438768066E-7	8.491790751623549E-7	2.5817146613464593E-6	0.9999659964459142	6.965045823188663E-6	8.477378147389191E-7
32	32	5.0980804077925E-6	5.44780565187771E-7	2.2088996598736534E-6	5.447227016563952E-7	5.436625985365798E-7	5.137955879763152E-6	5.451547075832237E-7	5.455988890195922E-7	1.6587557232576813E-6	0.9999781526631136	4.475052876657068E-6	5.446728769347277E-7
33	33	1.149967487574525E-5	1.2288545642999781E-6	4.982586756157175E-6	1.228724042271144E-6	1.2263327812007996E-6	1.1589621468678245E-5	1.2296985125237768E-6	1.230700446917803E-6	3.741634103414359E-6	0.999950719241166	1.0094319629534446E-5	1.2286116532827172E-6
34	34	2.317126749192784E-6	2.476080247984049E-7	1.0039662144898064E-6	2.475817252649278E-7	2.47099898165443E-7	2.335250536059436E-6	2.477780761281535E-7	2.479799608779764E-7	0.9997568948648525	1.805677584040246E-6	2.341575072990668E-4	2.4755907944804927E-7
35	35	1.3999426945063582E-5	1.4959779198027634E-6	6.065680990458718E-6	1.4958190254316506E-6	1.4929079618561516E-6	1.4108925758754279E-5	1.4970053220234474E-6	1.4982250527988365E-6	0.20616104490134454	0.7937835168661231	1.228858135040367E-5	1.495682205786755E-6
