0	0	2.3202837015219744E-6	4.6819701909450845E-6	2.3249897094007427E-6	0.9999028420375464	4.679330069288272E-6	7.116665882373563E-6	2.326959165156113E-6	1.4581144431162732E-5	7.025993361468949E-6	2.325425073198888E-6	3.8044337004964235E-5	4.673511689611762E-6	7.057352174504487E-6
1	1	1.0942101647750825E-7	2.207945248568358E-7	1.0964294458281201E-7	1.0481535094739082E-6	2.2067002077351046E-7	3.3561103509425467E-7	1.0973582109205904E-7	6.876243814567323E-7	3.313350582395911E-7	0.9999944796896466	1.794112514588399E-6	2.203956349223155E-7	3.328138917096646E-7
2	2	5.174957977104745E-5	1.0442257113776666E-4	5.1854538457765695E-5	4.957137613684371E-4	1.043636881717764E-4	1.5872389593660845E-4	5.189846347764635E-5	3.2520510159971656E-4	0.8379200839810704	5.186424843141537E-5	0.16042248523562475	1.0423392011668455E-4	1.574010148359594E-4
3	3	1.7280534485713647E-5	3.486942018884996E-5	1.7315582928878486E-5	1.6553175477499566E-4	3.484975763064335E-5	5.300204889729232E-5	1.7330250638726403E-5	1.0859446584855167E-4	0.29312485010168815	1.7318825342348335E-5	0.7063216905284908	3.4806424692268195E-5	5.256030439267213E-5
4	4	1.927287992785384E-6	3.888966218083006E-6	1.93119692533219E-6	0.9999192980693191	3.88677326436561E-6	5.91128778552689E-6	1.9328328065079095E-6	1.2111477818344385E-5	5.835972831282106E-6	1.93155854982669E-6	3.160061584497313E-5	3.8819403668709415E-6	5.862020277028396E-6
5	5	8.942045711386479E-6	1.8043651920374153E-5	8.96018200116108E-6	0.7514639340330019	1.8033477264351122E-5	2.7426625283410974E-5	8.9677720055125E-6	5.6193671464511084E-5	2.707718619276707E-5	8.961859831756341E-6	0.11044067656902626	1.801105405075899E-5	0.13789477187224586
6	6	2.6687558247459447E-6	5.385132520723885E-6	2.674168605057906E-6	2.5564246007634014E-5	5.382095892037042E-6	8.185483315638122E-6	2.6764338437937024E-6	1.6771015590292846E-5	8.081193129851847E-6	2.674669354027276E-6	0.9999064441406675	5.375403678217634E-6	8.117261570487282E-6
7	7	9.897197540222207E-6	1.997099916136119E-5	9.917271072424954E-6	9.480612289754037E-5	1.9959737691244173E-5	3.035622239617058E-5	9.925671809216255E-6	6.219604382992809E-5	2.9969457687064426E-5	9.919128121849247E-6	0.9996530440093945	1.993491932399681E-5	3.0103219074534426E-5
8	8	4.002858913054152E-6	8.077144229037673E-6	4.0109775261229225E-6	0.6819966263611285	8.072589598714411E-6	1.2277382045911692E-5	4.014375150956076E-6	0.16974327943143552	1.2120957506863278E-5	4.011728598010677E-6	0.14818326858544678	8.06255196713842E-6	1.2175056453548014E-5
9	9	8.3117864999522E-6	1.6771887248421217E-5	8.328644495692013E-6	7.96193315542223E-5	1.676242972926917E-5	2.549352364410546E-5	8.335699536310108E-6	5.223299174893756E-5	2.5168713951791865E-5	8.330204068315661E-6	0.9997086221521726	1.674158696352673E-5	2.5281048386875098E-5
10	10	1.080393632211509E-5	2.180065643344893E-5	1.0825848905227333E-5	1.0349185318055671E-4	2.1788363235748956E-5	3.3137329270769265E-5	1.083501928148619E-5	6.789417855864436E-5	3.271513083814806E-5	1.0827876089553557E-5	0.9996212573898979	2.176127111615958E-5	3.2861146870131924E-5
11	11	2.878382919553363E-5	5.8081272641938175E-5	2.884220866304721E-5	0.9987947257508141	5.8048521125054585E-5	8.828441757598678E-5	2.886664036423684E-5	1.8088355769024894E-4	8.715959721340141E-5	2.8847609484160386E-5	4.719516400041562E-4	5.797634234506591E-5	8.754861288316521E-5
12	12	4.117202082989019E-6	8.307870890963562E-6	4.125552607292715E-6	3.9439039696595017E-5	8.303186155912567E-6	1.2628090080374953E-5	4.129047286556741E-6	2.5873352549504338E-5	1.246719721555266E-5	4.126325133831347E-6	0.9998556674329859	8.292861795616438E-6	1.2522841518990765E-5
13	13	8.586889619789256E-6	1.7327002386138303E-5	8.604305580681596E-6	8.2254568456666E-5	1.7317231842460825E-5	2.6337307094290747E-5	8.611594128703259E-6	5.396179686064712E-5	2.600174686601123E-5	8.605916771966814E-6	0.9996989781418278	1.7295699223835156E-5	2.6117799340959506E-5
14	14	6.464394382550432E-5	1.3044138430900123E-4	6.477505490849728E-5	6.192300050590746E-4	1.3036782956396575E-4	1.9827288758838993E-4	6.482992465874958E-5	4.062359619650683E-4	1.9574671833416036E-4	6.47871843015075E-5	0.9977338429918694	1.30205727400029E-4	1.9662038621665856E-4
15	15	0.9999689395116461	1.2422643167957266E-6	6.168881122933413E-7	5.897264455212033E-6	1.2415638149145738E-6	1.8882606508961314E-6	6.174106667968144E-7	3.86880622604345E-6	1.8642025658080287E-6	6.170036271063803E-7	1.0094280909524183E-5	1.2400200277568346E-6	1.8725229806894516E-6
16	16	7.049708701798121E-7	1.422521132868992E-6	7.064006946737703E-7	6.752977768285777E-6	1.421718985760618E-6	2.162253752239425E-6	7.069990736292117E-7	0.790193158372597	2.134704756432751E-6	7.065329710826517E-7	1.1558995715140853E-5	1.4199511897876962E-6	0.20977714360049293
17	17	1.167940474449092E-5	2.3567215002984498E-5	1.1703092955855264E-5	0.8014318503639026	0.19810264820748988	3.582252515803541E-5	1.1713006429314674E-5	7.339580385696921E-5	3.5366114991402054E-5	1.170528440770501E-5	1.915003798136116E-4	2.352463820061378E-5	3.552396304658109E-5
18	18	7.164172872872826E-6	1.4456182152021341E-5	7.178703274462287E-6	6.862624001233755E-5	1.4448030438529404E-5	2.1973616685906535E-5	7.184784221153287E-6	4.502114949161418E-5	2.169365367355863E-5	7.180047515905891E-6	0.999748852876193	1.4430065446655698E-5	2.1790478022032625E-5
19	19	7.954984713309715E-6	0.926017249705273	7.971119042362561E-6	7.620149596015472E-5	1.604286542430215E-5	2.4399157855946493E-5	7.977871229785694E-6	4.999077525579131E-5	2.4088291336804745E-5	7.972611666888047E-6	1.3043323930775255E-4	0.07360552207936555	2.4195803568245068E-5
20	20	2.075287905728766E-6	4.187606931806444E-6	2.0794970122396056E-6	0.9999131008228465	4.185245577227071E-6	6.365226211395908E-6	2.081258515674426E-6	1.3041539993504877E-5	6.284127686292338E-6	2.079886406529748E-6	3.4027283998108916E-5	4.1800415528374316E-6	6.312175362267467E-6
21	21	5.623652256707435E-5	1.134765210516043E-4	5.6350581687561035E-5	0.9976451905667791	1.1341253264318866E-4	1.7248603747632658E-4	5.6398315222455544E-5	3.5340198154173335E-4	1.7028841514905635E-4	5.636113356362827E-5	9.220774231727244E-4	1.1327151306020952E-4	1.7104845608534053E-4
22	22	8.004069334441325E-6	1.615096205930792E-5	8.020303217102046E-6	7.66716818490865E-5	1.61418546743883E-5	2.454970791511703E-5	8.027097067529371E-6	5.029923320410146E-5	2.4236923257114623E-5	8.021805051564691E-6	0.9997194094799543	1.6121783545019784E-5	2.434509887099218E-5
23	23	1.6376499472564533E-7	0.9999919043502911	1.6409714348613516E-7	1.5687192412980778E-6	3.302658479279458E-7	5.022923489600046E-7	1.6423614713951564E-7	1.029133221638769E-6	4.958927070119251E-7	1.6412787134500013E-7	2.685158993648879E-6	3.2985518826748674E-7	4.981060035359659E-7
24	24	6.092779652564004E-7	1.2294277934456826E-6	6.105137050510538E-7	5.836327042893878E-6	1.2287345299667223E-6	1.8687489402171046E-6	6.110308599121201E-7	3.828829209247621E-6	0.999970496126313	6.106280262303589E-7	9.98997502965215E-6	1.2272066950178888E-6	1.853173889968474E-6
25	25	7.085904447625625E-6	1.4298248691703865E-5	7.100276104909108E-6	0.5517792247771095	1.4290186035495916E-5	2.173355542475192E-5	7.106290617396192E-6	4.452929446018828E-5	2.1456651001928975E-5	7.101605660545597E-6	0.4480402483755886	1.4272417310748713E-5	2.1552417546604103E-5
26	26	2.6853296576135473E-6	5.418575927400802E-6	2.69077605303387E-6	2.572300820565456E-5	5.415520440272183E-6	8.236317802313893E-6	2.693055359631501E-6	1.6875168996474147E-5	8.131379940898053E-6	2.6912799118155543E-6	0.9999058631286611	5.408786665650423E-6	8.167672378161932E-6
27	27	2.1125185954444317E-8	4.262732649977345E-8	2.116803213376146E-8	2.0236000824385647E-7	0.5837792305587972	6.479418445346834E-8	2.1185963182035414E-8	1.3275505376125906E-7	6.396865011738185E-8	2.1171995934044858E-8	3.463773387781154E-7	0.4162197676533051	6.425415863353953E-8
28	28	3.817288287052028E-8	7.702691683132593E-8	0.30148258424332275	3.656613915270713E-7	7.698348203294188E-8	1.1708208482362652E-7	0.5833077031605582	2.3988631998915184E-7	1.1559035710179824E-7	3.825746777653324E-8	6.258984707018795E-7	7.68877591152047E-8	0.11520794114898626
29	29	1.9102591394896954E-6	3.854604651234912E-6	1.9141335340540457E-6	1.8298539764271866E-5	3.852431073701708E-6	0.9999075716417166	1.915754961146797E-6	1.2004464969338616E-5	5.7844081841958654E-6	1.9144919633589897E-6	3.132140368088978E-5	3.8476408780257274E-6	5.810225483677559E-6
30	30	2.44427574807149E-7	4.932166779180529E-7	2.4492332370719774E-7	2.34139316736261E-6	4.929385573876423E-7	0.9999881733116772	2.4513079372203237E-7	1.536033619028599E-6	7.40145059342744E-7	2.449691865977011E-7	4.007736219139758E-6	4.92325626980596E-7	7.434485168527372E-7
31	31	7.612339471385282E-7	1.5360512365363878E-6	7.627778846106873E-7	7.2919267149006244E-6	1.535185070804834E-6	2.3348212361065098E-6	7.634240196403788E-7	0.9999656164391525	2.3050735802746196E-6	7.629207178781391E-7	1.2481508535167816E-5	1.5332761886607255E-6	2.3153617157336424E-6
32	32	5.475546254436087E-7	1.10487973197393E-6	5.486651777349959E-7	5.2450737597138E-6	1.1042567000472854E-6	1.679433992952806E-6	5.491299418531736E-7	0.9999752679477155	1.6580365413440274E-6	5.48767917525509E-7	8.977933467937317E-6	1.1028836435101166E-6	1.6654367843034409E-6
33	33	1.2679460665439984E-6	2.5585171689957895E-6	1.270517719387612E-6	1.2145766528726307E-5	2.5570744437515632E-6	3.888985000646472E-6	1.271593951434847E-6	0.9999427291690102	3.839435945007619E-6	1.2707556290083243E-6	2.078977128015733E-5	2.5538949223768054E-6	3.85657233380948E-6
34	34	2.580931610444766E-7	5.207916970258409E-7	2.586166265364485E-7	2.4722970159538687E-6	5.204980271855961E-7	0.9999875120989262	2.588356958946944E-7	1.6219109996835082E-6	7.815254811080073E-7	2.586650535537111E-7	4.231802857129876E-6	5.198508287409047E-7	7.850136300691175E-7
35	35	1.524197089223448E-6	3.0755917184560134E-6	1.5272884713272725E-6	1.460041753978644E-5	3.0738574194382385E-6	4.6749461782515895E-6	1.5285822091265431E-6	0.9999311547736962	4.6153832927541345E-6	1.5275744623177067E-6	2.4991369670168424E-5	3.070035318993746E-6	4.635982933875138E-6
