0	0	3.4755224414275674E-6	1.4246898230121957E-5	3.470423365424677E-6	0.71549675923033	3.468048049322291E-6	3.4619866808609404E-6	2.2484047360401056E-5	6.9718103700097155E-6	0.2844036262526511	7.049702794056103E-6	3.4564143552732814E-6	1.4110488664250581E-5	3.455554520299493E-6	6.99181009111046E-6	6.971810096409809E-6
1	1	1.631727325732888E-7	6.688793854968409E-7	1.629333354239357E-7	4.249677486467067E-6	0.9999898445313765	1.6253724047783073E-7	1.055606317879775E-6	3.273203865689916E-7	1.3917986845595617E-6	3.309773676107212E-7	1.622756246752428E-7	6.624750759325999E-7	1.6223525617680852E-7	3.282593559463183E-7	3.273203737237158E-7
2	2	7.734957078214203E-5	3.1707217595296276E-4	7.723608817719385E-5	0.16123189869099638	7.7183224274259E-5	7.704832534705043E-5	5.003942406017176E-4	1.5516128834812965E-4	6.597611571987305E-4	1.5689482500879178E-4	7.69243103249271E-5	0.8362054032538734	7.690517424760727E-5	1.556063926076981E-4	1.5516128225902053E-4
3	3	2.5867539648389954E-5	1.0603649121680887E-4	2.582958836109493E-5	0.4532654914268792	2.58119094122487E-5	2.5766795996455853E-5	1.6734375805456094E-4	5.18896321938887E-5	2.2063985255165732E-4	5.2469368162015985E-5	2.5725322417878327E-5	0.5458774812764258	2.5718922857625046E-5	5.20384856647694E-5	5.188963015754552E-5
4	4	2.886908431947096E-6	1.1834045477415286E-5	2.8826729347647397E-6	0.7354535454445262	2.8806999018754164E-6	2.8756650859548998E-6	1.867615214775543E-5	5.791065510959588E-6	0.2644637107395517	5.855766084629873E-6	2.8710364886732895E-6	1.1720738217125934E-5	2.8703222752340884E-6	5.807678082006206E-6	5.791065283696524E-6
5	5	1.3390335825889082E-5	5.488980577557108E-5	1.3370690336259503E-5	0.8616877530960334	1.3361538825705447E-5	1.33381858591717E-5	8.662552176106834E-5	0.13784110301654764	1.1421425316826494E-4	2.716077639433856E-5	1.3316717054925022E-5	5.4364253163650325E-5	1.3313404321588406E-5	2.6937730004227443E-5	2.686067492831554E-5
6	6	3.997433973940968E-6	1.6386323486081816E-5	3.991569180951374E-6	0.9998513300646972	3.988837168873609E-6	3.98186557809141E-6	2.5860427117037237E-5	8.018751742400915E-6	3.409652617079173E-5	8.1083410998121E-6	3.9754564686716424E-6	1.6229429596839425E-5	3.974467514178E-6	8.041754777468248E-6	8.018751427715114E-6
7	7	1.4820022994177734E-5	6.075039448727949E-5	1.4798279954135428E-5	0.9994488234517209	1.4788151336107762E-5	1.4762304971571987E-5	9.587453526741074E-5	2.9728592387437207E-5	1.264089176123509E-4	3.0060734543010672E-5	1.4738543941473091E-5	6.01687285832581E-5	1.473487750734772E-5	2.9813873472967598E-5	2.9728591220776086E-5
8	8	5.995393205342742E-6	2.4576379029507365E-5	5.986597127591421E-6	0.6665700636099733	5.982499627356339E-6	5.972043562721251E-6	0.14813076781367981	1.2026607575040004E-5	0.18516611591980134	1.216097462855371E-5	5.962431113505563E-6	2.4341067936527317E-5	5.960947869231804E-6	1.2061107767174255E-5	1.2026607103070955E-5
9	9	1.244688863610395E-5	5.102241710958325E-5	1.2428627315043703E-5	0.9995370835039893	1.2420120595406526E-5	1.2398413016332503E-5	8.052211956624517E-5	2.4968144712051375E-5	1.0616702286828459E-4	2.5247100852902344E-5	1.2378456846518444E-5	5.053389352675094E-5	1.2375377519497963E-5	2.5039769713900553E-5	2.4968143732208023E-5
10	10	1.6177135398645398E-5	6.631348396206511E-5	1.6153401285487762E-5	0.7663037096733466	1.6142345160588424E-5	1.6114131969635735E-5	1.0465404398579075E-4	3.245092564644795E-5	0.2332326254944894	3.281348302064506E-5	1.608819507323064E-5	6.56785532274889E-5	1.6084192893119335E-5	3.254401616783989E-5	3.245092437295229E-5
11	11	4.306560321809477E-5	0.46557234232364847	4.300241997367033E-5	0.5330025250598043	4.2972987155293565E-5	4.2897880032979025E-5	2.7860244860400304E-4	8.638851400519558E-5	3.6733251299684514E-4	8.735368810037405E-5	4.282883269785045E-5	1.7484470788755346E-4	4.28181783825818E-5	8.66363328778723E-5	8.638851061498728E-5
12	12	6.16662335702767E-6	2.527828747236625E-5	6.15757606076974E-6	0.9997706549998068	6.153361534751234E-6	6.1426068419074255E-6	3.9893470391811046E-5	1.237009094115085E-5	5.25988511752751E-5	1.2508295556300065E-5	6.132719858381661E-6	2.503625582699471E-5	6.131194252225489E-6	1.2405576468680124E-5	1.237009045570223E-5
13	13	1.2858702138095683E-5	5.271052735819855E-5	1.2839836629210135E-5	0.9995217676070672	1.2831048459155374E-5	1.2808622670541635E-5	8.318624688479344E-5	2.5794232211724283E-5	1.0967962868983952E-4	2.6082417800080125E-5	1.2788006237715851E-5	5.220584065112423E-5	1.2784825029134352E-5	2.5868226973897028E-5	2.5794231199462167E-5
14	14	9.656887833312951E-5	3.958561640718435E-4	9.642719832431556E-5	0.9964084737890239	9.636119914992963E-5	9.619278143335864E-5	6.247288776219348E-4	1.9371473461312998E-4	8.236942270552126E-4	1.958790089481616E-4	9.603795198231179E-5	3.9206596590966533E-4	9.601406109961151E-5	1.9427043542249694E-4	1.937147270110395E-4
15	15	9.222262925277977E-7	3.7803997402443586E-6	9.208732579735074E-7	2.4018500217388262E-5	9.202429702974523E-7	9.186345924325519E-7	5.9661187598849295E-6	1.8499626856386998E-6	7.866224463881698E-6	1.8706313599617454E-6	0.9999425998220277	3.7442036027372696E-6	9.169278252666087E-7	1.855269590989814E-6	1.849962613039247E-6
16	16	1.048632091411436E-6	4.29856372357135E-6	1.0470936019258147E-6	2.7310618141768834E-5	1.0463769232870818E-6	1.0445480916240553E-6	6.783870340151422E-6	2.103529530433501E-6	8.944415788084282E-6	2.1270311756996207E-6	1.0428668136195284E-6	4.257406329033143E-6	0.9999347319541698	2.109563831669923E-6	2.103529447883137E-6
17	17	1.7487344567487438E-5	0.5670116249015184	1.746168819480071E-5	0.14444018795249658	1.7449736618645138E-5	1.7419238401292065E-5	1.1313012362582782E-4	3.507917219762336E-5	1.4916011260972817E-4	3.547109360841895E-5	1.7391200838814526E-5	0.07206337136132498	1.7386874516452573E-5	0.21601230002865995	3.507917082098548E-5
18	18	1.0728871493104427E-5	4.397990312602646E-5	1.0713130742730761E-5	0.9996009788676561	1.0705798187223644E-5	1.0687086858383116E-5	6.940782539603812E-5	2.1521845649025122E-5	9.151301810922633E-5	2.1762298076527453E-5	1.066988519556687E-5	4.3558809397722686E-5	1.0667230901401165E-5	2.158358440663754E-5	2.152184480442743E-5
19	19	1.1912762341268465E-5	0.9992955248170953	1.1895284657954313E-5	3.102564817352861E-4	1.1887142982367408E-5	1.1866366928361186E-5	7.70667193747897E-5	2.3896700834480167E-5	1.0161113744051063E-4	2.4163686288174655E-5	1.1847267126379564E-5	4.8365361124624204E-5	1.1844319940778528E-5	2.396525223312024E-5	2.3896699896684275E-5
20	20	3.10857941659725E-6	1.2742721514501807E-5	3.104018697173514E-6	0.6879457182895168	3.101894165144667E-6	3.0964727513707923E-6	2.0110198683577422E-5	6.235731915956075E-6	0.3119651844186608	6.30540051691611E-6	3.0914887476947118E-6	1.2620713967193163E-5	3.0907196934456787E-6	6.253620081663307E-6	6.235731671242639E-6
21	21	8.403987621108538E-5	3.444971464950713E-4	8.391657799526439E-5	0.00218873805854369	8.385914166027566E-5	8.37125747300525E-5	5.436755448243206E-4	1.685818723190623E-4	0.9954025329459782	1.7046535020906578E-4	8.357783310185507E-5	3.411986947592426E-4	8.355704186083247E-5	1.6906547560860757E-4	1.685818657032793E-4
22	22	1.1986242174650583E-5	4.913413027875609E-5	1.1968656686175794E-5	0.8638546785385823	1.19604647914249E-5	1.1939560587377322E-5	7.754207929020988E-5	2.404409952719286E-5	0.1358017749169134	2.4312731790090022E-5	1.1920342974746329E-5	4.866368644792827E-5	1.1917377610430674E-5	2.4113073761881017E-5	2.404409858361249E-5
23	23	2.421149229576042E-7	0.9999856822498637	2.4175970660829254E-7	6.3056512016706315E-6	2.4159423523389596E-7	2.4117198281493736E-7	1.566303623751778E-6	4.856764296755893E-7	2.0651442552344414E-6	4.911026407171805E-7	2.4078379853384366E-7	9.829773605017812E-7	2.4072389994825154E-7	4.870696679628067E-7	4.856764106158303E-7
24	24	9.126970264581166E-7	3.7413372723160155E-6	9.113579726657864E-7	2.3770319612453614E-5	9.107341976851665E-7	9.091424390174625E-7	5.9044714900912785E-6	1.8308472182168016E-6	7.784943604197356E-6	1.8513023253291445E-6	9.076791065027043E-7	0.9999459907679931	9.074533076948856E-7	1.836099287880073E-6	1.8308471463675111E-6
25	25	1.0611694749397657E-5	4.349957098297123E-5	1.05961259136446E-5	0.9286147545861428	1.0588873441581293E-5	1.0570366470914442E-5	6.86497789441906E-5	2.1286792056172107E-5	9.051354696487441E-5	2.1524618351700612E-5	1.0553352678261097E-5	4.3083076283736795E-5	1.0550727373308973E-5	2.1347856526038403E-5	0.07101186903312051
26	26	4.02225644121352E-6	1.6488076005598657E-5	4.016355230203517E-6	0.9998504068838198	4.013606253422687E-6	4.006591371848157E-6	2.6021010033466002E-5	8.06854498576404E-6	3.430825197051714E-5	8.158690657277421E-6	4.000142464420503E-6	1.6330207868011864E-5	3.999147368914723E-6	8.091690860485223E-6	8.068544669124166E-6
27	27	0.5765342677801361	1.2826883245424733E-7	3.1245197797777246E-8	8.149468817779939E-7	3.122381215872504E-8	3.116923995338924E-8	2.024302032050072E-7	6.276916994906512E-8	0.14302275289378522	6.347045735409039E-8	3.111907073861428E-8	1.2704069876035188E-7	3.111132940247152E-8	0.2804413617620177	6.27691674857682E-8
28	28	5.691465686664063E-8	2.333051614100014E-7	0.49626397676208717	1.482287708992836E-6	5.679225729387775E-8	0.14155125623420317	3.6819553378136124E-7	0.14152202523560006	4.85459447236814E-7	1.1544492153263018E-7	5.660174558922051E-8	2.3107133793001036E-7	5.658766505505051E-8	1.1449687893507463E-7	0.22065948461079496
29	29	2.8614028113058674E-6	1.1729492568407905E-5	2.857204734425161E-6	0.25334238404428483	2.8552491331342327E-6	2.850258799436791E-6	0.7465697076939981	5.739901879167007E-6	2.440663097298935E-5	5.8040308280953914E-6	2.8456710954668837E-6	1.1617186369310817E-5	2.84496319205014E-6	5.7563676793876775E-6	5.739901653911796E-6
30	30	3.661577405416283E-7	1.5009576699856556E-6	3.6562053608401545E-7	9.536227542040512E-6	3.653702887063106E-7	3.6473170356758624E-7	2.3687684710600904E-6	7.345031935742294E-7	3.123180286254295E-6	0.9999775885840055	3.6414464070693E-7	1.4865864727715724E-6	3.640540542594111E-7	7.366102300883436E-7	7.345031647495778E-7
31	31	1.1403192480654772E-6	4.674408682674198E-6	1.1386462407373886E-6	2.9698522292701963E-5	1.1378668992952202E-6	1.1358781637187478E-6	0.9999352684923115	2.287451654468122E-6	9.726470865606412E-6	2.313008166306408E-6	1.1340498831562764E-6	4.629652690962202E-6	1.1337677712184902E-6	2.294013564889207E-6	2.287451564699966E-6
32	32	8.202377926911628E-7	3.3623274065728425E-6	8.190343894860731E-7	2.1362307452830444E-5	8.184738049783912E-7	8.170432967393524E-7	0.999953438276979	1.6453763269643117E-6	6.99630301515511E-6	1.6637592639310283E-6	8.157282046583184E-7	3.3301341800585753E-6	8.155252800181053E-7	1.6500963445635579E-6	1.6453762623935925E-6
33	33	1.8993262273394566E-6	7.785738093405045E-6	1.8965396509467838E-6	4.946613187442704E-5	1.8952415726729373E-6	1.8919291164059355E-6	0.9998921826054444	3.8100005138673833E-6	1.620049933020038E-5	3.8525676750339736E-6	1.8888839154859932E-6	7.711192101979057E-6	1.8884140272477721E-6	3.820930092216046E-6	3.8100003643487175E-6
34	34	3.8662885267161653E-7	1.584873068631035E-6	3.860616142382853E-7	1.006937804439347E-5	3.857973760539907E-7	3.851230889580716E-7	2.5012013534274615E-6	7.755677282560601E-7	3.297790752627357E-6	0.9999763356086919	3.84503204642842E-7	1.5696984078900673E-6	3.8440755369683167E-7	7.777925647671882E-7	7.755676978198826E-7
35	35	2.283153425611702E-6	9.359126590787731E-6	2.2798037212033277E-6	5.946254351421291E-5	2.2782433195119363E-6	2.274261462280497E-6	0.9998703942218158	4.579948194051851E-6	1.9474393082108676E-5	4.631117581615253E-6	2.2706008689543144E-6	9.269515899775328E-6	2.2700360228919023E-6	4.593086486930688E-6	4.57994801431756E-6
