0	0	4.032065121861137E-6	6.105344886268456E-6	6.089567136932883E-6	1.0332247398108674E-5	2.011310456354557E-6	2.0088085501645527E-6	0.9999532082837693	4.045410150204632E-6	4.035075715341951E-6	2.0084480354721865E-6	6.123438780095489E-6
1	1	1.8927978634953408E-7	2.866070712493103E-7	2.8586640637087813E-7	4.850332325787998E-7	9.441822042934891E-8	9.430077186272161E-8	2.3610003332935767E-6	1.899062504658972E-7	1.8942111454578375E-7	0.9999955367103486	2.8745646436532006E-7
2	2	8.997039922271175E-5	0.79840315112882	1.3588093690075726E-4	2.3055094478399086E-4	4.48798318603313E-5	4.48240050093432E-5	0.20068898430000923	9.026817653816058E-5	9.003757678288993E-5	4.4815960583021326E-5	1.3663673948964558E-4
3	3	3.0033508515115594E-5	0.6662300354375773	4.5359154907702047E-5	7.696146536148753E-5	1.4981580875257006E-5	1.4962945010361344E-5	0.3334669053500106	3.0132911181063566E-5	3.0055933422007937E-5	1.4960259656639183E-5	4.561145348240253E-5
4	4	3.3491255135468372E-6	5.071239106913564E-6	5.05813374743918E-6	8.582201012991339E-6	1.670640468706341E-6	1.6685623282001242E-6	0.9999611337302562	3.360210199322839E-6	3.3516261813517413E-6	1.66826287645078E-6	5.086268308978523E-6
5	5	1.553999857954432E-5	2.35306345489892E-5	2.3469825461126537E-5	3.982155670541253E-5	7.751799807326846E-6	7.742157200507819E-6	0.8619402363899213	1.5591431707540572E-5	0.13789497506803008	7.740767739366208E-6	2.3600370298753264E-5
6	6	4.637636903024902E-6	7.022300457583756E-6	7.004153064038794E-6	1.1884037181059714E-5	2.3133871388278124E-6	2.310509473878464E-6	0.9999461806832506	4.65298620767332E-6	4.641099654494597E-6	2.3100948138492067E-6	7.0431118550179654E-6
7	7	1.7200073978121183E-5	2.6044317373844714E-5	2.5977012296278198E-5	4.40755330672062E-5	8.579893329277058E-6	8.56922064164583E-6	0.9998003948457157	1.7257001499828047E-5	1.721291663542533E-5	8.567682749972089E-6	2.6121502712615628E-5
8	8	6.956066971774998E-6	1.0532862597979145E-5	1.0505643027430277E-5	0.11111032598668827	3.469886971710342E-6	3.465570715278766E-6	0.8888267746058641	6.979089643307332E-6	6.9612608089885365E-6	3.4649487599609292E-6	1.0564077951262659E-5
9	9	1.4444610562444456E-5	2.1872000219791294E-5	2.1815477460903155E-5	3.701460303588068E-5	7.205388649279503E-6	7.196425733382525E-6	0.9998323717256355	1.4492418256898953E-5	1.4455395817413782E-5	7.195134212988911E-6	2.193682041539594E-5
10	10	1.8776034613995858E-5	2.8430633794437787E-5	2.8357161874044066E-5	4.8113963669741144E-5	9.366027979868913E-6	9.354377404839806E-6	0.9997821059786871	1.8838178132646808E-5	1.8790053982655844E-5	9.35269860349654E-6	2.8514891257184698E-5
11	11	5.0031726834075554E-5	7.57579399998896E-5	7.55621623968608E-5	1.2820729918311684E-4	2.4957269361860445E-5	2.4926224553981697E-5	0.9994193867673752	5.019731811112482E-5	5.0069083668870685E-5	2.492175112112211E-5	7.598245739382023E-5
12	12	7.154777503380172E-6	1.0833749684699447E-5	1.0805752546114536E-5	1.833426023864012E-5	3.5690095200636235E-6	3.564569963265109E-6	0.999916969515989	7.178457852205971E-6	7.160119710377665E-6	3.5639302408567106E-6	1.086585675157203E-5
13	13	1.4922737064640723E-5	2.259597840639012E-5	2.253758470547244E-5	3.823981174630049E-5	7.443891948274758E-6	7.4346323537232195E-6	0.9998268231149516	1.4972127226523386E-5	1.4933879318935957E-5	7.433298083120063E-6	2.2662944194862233E-5
14	14	1.1240212337776367E-4	1.701990688219296E-4	1.6975923154900828E-4	2.880326859095274E-4	5.606942329388723E-5	5.5999677503641E-5	0.9986955844953208	1.1277414354038767E-4	1.124860498743959E-4	5.5989627413747586E-5	1.7070347339498656E-4
15	15	1.0698078707881968E-6	1.6199009231754684E-6	1.6157146910804053E-6	2.7414040337536516E-6	5.336510427722227E-7	5.329872243930184E-7	1.3344355402149057E-5	0.9999753139788978	1.0706066566471E-6	5.328915708150698E-7	1.6247016864182086E-6
16	16	1.2164475038752243E-6	1.841942360239093E-6	1.8371823171306702E-6	3.1171710220417017E-6	6.067991240730018E-7	6.060443154457155E-7	1.5173479521896203E-5	0.9999719302413358	1.2173557801094209E-6	6.059355505363243E-7	1.8474011688932345E-6
17	17	2.029767175412956E-5	3.073469368719649E-5	0.3872287119089642	5.201318922955924E-5	1.0125064502899001E-5	1.0112469748332911E-5	0.6125663908889752	2.036485147387099E-5	2.031282727280593E-5	1.0110654894488289E-5	3.08257794972108E-5
18	18	1.2450096700297927E-5	1.8851911347013598E-5	1.880319325863851E-5	3.1903621432204865E-5	6.210467569128958E-6	6.2027422539221815E-6	0.9998555178613837	1.2491303101564592E-5	1.245939272574112E-5	6.201629066846532E-6	1.8907781160874024E-5
19	19	0.06747602324100752	2.093302453066447E-5	0.9322258070362949	3.54255479863145E-5	6.896057783131206E-6	6.887479649606502E-6	1.724412369810306E-4	1.3870251638247755E-5	1.3834818590234758E-5	6.886243574816373E-6	2.0995061963502768E-5
20	20	3.606316017991765E-6	5.460676450719372E-6	5.4465646870357355E-6	9.241256816917137E-6	1.7989345153626146E-6	1.7966967875244392E-6	0.9999581490599352	3.618251933712662E-6	3.609008720407373E-6	1.7963743398777602E-6	5.476859795274619E-6
21	21	9.777549340133947E-5	1.4805145517210772E-4	1.476688529126144E-4	2.5055165449026055E-4	4.877323810746549E-5	4.87125681766042E-5	0.9988653250869494	9.809910343523145E-5	9.78484987358569E-5	4.8703825881810055E-5	1.4849022273736792E-4
22	22	1.3909804167295715E-5	2.1062197453446618E-5	2.1007767428924293E-5	3.564415096783053E-5	6.938611783782985E-6	6.92998071655165E-6	0.9998385781008611	1.3955841799440741E-5	1.3920190102165274E-5	6.9287370142257504E-6	2.1124617705141783E-5
23	23	2.8085322768013584E-7	4.252673916678774E-7	0.9999936616437078	7.19692004778202E-7	1.4009769596013947E-7	1.399234258510071E-7	3.50325080637439E-6	2.817827747411276E-7	2.810629303686502E-7	1.39898314224107E-7	4.265277206380301E-7
24	24	1.0587533037823968E-6	0.9999761099697783	1.5990191452702547E-6	2.7130764850333634E-6	5.281367056925243E-7	5.274797466989657E-7	1.3206465155712954E-5	1.0622574864830035E-6	1.0595438356061205E-6	5.273850815311005E-7	1.6079132759499683E-6
25	25	1.231407041404214E-5	1.864594061834478E-5	1.8597754810223786E-5	3.155505135712829E-5	6.142613731550298E-6	6.134972820984146E-6	0.9998570964329578	1.2354826605654278E-5	1.2323264873702478E-5	6.133871796280201E-6	1.87012000141919E-5
26	26	4.666438864603722E-6	7.065912329794438E-6	7.04765223218433E-6	1.1957842782802038E-5	2.327754388546305E-6	2.3248588519099225E-6	0.9999458464393403	4.681883495835914E-6	4.66992312142989E-6	2.3244416166419217E-6	7.086852976042609E-6
27	27	0.30689809662848877	5.49614534861352E-8	5.4819419243618713E-8	9.301281833489882E-8	0.6931010837880722	1.8083669268338375E-8	4.52759275733944E-7	3.6417536755848156E-8	3.632450424554916E-8	1.8080423847831487E-8	5.5124338093390425E-8
28	28	6.602055079234288E-8	9.996818503333176E-8	9.970984205773089E-8	1.6917897988488369E-7	3.2932956222104275E-8	0.41012737201768285	8.235139389744495E-7	6.623906068614397E-8	0.5898711372682639	3.288608728582917E-8	1.0026445228109077E-7
29	29	3.3195332500416226E-6	5.026430561117737E-6	5.0134409982145255E-6	8.506370246779714E-6	1.6558789935772477E-6	1.6538192151423272E-6	0.5979317580319872	3.3305199935514927E-6	3.3220118224009177E-6	1.6535224092941409E-6	0.4020347604405228
30	30	4.247447136706866E-7	6.431475899332451E-7	6.414855345295335E-7	1.0884168112489893E-6	2.1187492217210173E-7	2.1161136704682793E-7	5.298095638639992E-6	4.2615050203753437E-7	4.25061854794984E-7	2.1157338980559916E-7	0.9999904178376762
31	31	1.3228118847453953E-6	2.0029990915170496E-6	1.9978228372391927E-6	0.99997153840476	6.598567471426178E-7	6.590359391589591E-7	1.6500226257658552E-5	1.3271900288381901E-6	1.3237995793178284E-6	6.589176640058369E-7	2.0089352103723603E-6
32	32	9.514949790406948E-7	1.4407517807933571E-6	1.4370285152161308E-6	0.999979527652209	4.7463315761875696E-7	4.740427526759119E-7	1.1868567721720565E-5	9.546441661396696E-7	9.52205425051449E-7	4.7395767768101744E-7	1.4450216148876465E-6
33	33	2.203346685587235E-6	3.33630311340737E-6	3.3276812656311328E-6	0.9999525928348076	1.0990929198212453E-6	1.097725737857465E-6	2.7483665104240354E-5	2.2106391580749154E-6	2.2049918428372102E-6	1.09752873239537E-6	3.346190632529273E-6
34	34	4.4849162486146366E-7	6.79105115028068E-7	6.773501363205559E-7	1.1492687454188349E-6	2.2372056685804041E-7	2.2344227671676213E-7	5.5943051088503095E-6	4.4997600898342297E-7	4.488264969235956E-7	2.234021762185611E-7	0.9999898821117438
35	35	2.6486480493597837E-6	4.010577541520323E-6	4.000213198748581E-6	0.9999430117391722	1.3212220923707351E-6	1.3195785998304218E-6	3.303817617253574E-5	2.657414347081269E-6	2.65062569662226E-6	1.3193417791175015E-6	4.022463350688051E-6
