0	0	2.7921905888616115E-6	8.425939093453574E-6	0.3743311373499128	2.7838849106530254E-6	0.6255543799228578	3.8498652895515905E-121	2.0249510204241735E-5	2.7897521268957337E-6	5.599200064139548E-6	8.513609608023667E-6	5.2077971826501566E-5	2.7941322158499177E-6	8.456536590811608E-6
1	1	1.050801206521709E-7	3.1709823107344765E-7	3.1923610763366763E-7	1.0476754826841676E-7	3.1865090696248895E-7	1.4488420336866065E-122	7.620615096609897E-7	0.9999951587067613	2.1071792901332915E-7	3.203975861695549E-7	1.959880383767158E-6	1.051531910217247E-7	3.1824972435863474E-7
2	2	6.51781179333681E-5	0.9971286532875292	1.9801279768997596E-4	6.498423844822288E-5	1.9764981487149379E-4	8.98674234025973E-120	4.7268441110357985E-4	6.512119690433018E-5	1.3070215320144015E-4	1.987332287717E-4	0.0012156563391405994	6.522344134120826E-5	1.9740097306483677E-4
3	3	1.8821241715765687E-5	0.7451588039397206	5.717941613392427E-5	1.8765255860859952E-5	5.707459894094691E-5	2.5950680256869105E-120	1.364953122112206E-4	1.8804804842775154E-5	3.774237268848709E-5	5.7387452327030376E-5	0.2543630885341497	1.8834329586992866E-5	5.70027418217084E-5
4	4	2.104787532740581E-6	6.3515762950705735E-6	6.394398628187074E-6	2.0985266105764123E-6	6.382676876544577E-6	2.90207570231894E-121	1.5264329301879037E-5	2.102949390184942E-6	4.220745723924967E-6	6.417663404880408E-6	0.999940181454017	2.106251154992773E-6	6.374641064083533E-6
5	5	9.660282920319165E-6	2.915164739715172E-5	2.9348187830225695E-5	9.631547345584353E-6	2.929438884318932E-5	1.3319573545782804E-120	7.00582540286473E-5	9.651846450196108E-6	0.12170314453488748	2.945496550799112E-5	0.8780416798372184	9.667000465356236E-6	2.925750710540782E-5
6	6	2.6086888606604756E-6	7.872189506468317E-6	7.925263815229092E-6	2.600929028538198E-6	7.910735791634524E-6	3.5968535729472778E-121	1.891871991631234E-5	2.6064106535091068E-6	5.231222716027212E-6	7.95409834739046E-6	0.9999258604623319	2.6105028846444245E-6	7.90077614766695E-6
7	7	1.0785181402269624E-5	3.2546231611081506E-5	3.276565833399093E-5	1.0753099693196534E-5	3.27055946858316E-5	1.4870580714564931E-120	7.82162370044007E-5	1.0775762541411975E-5	2.162760258566925E-5	3.2884869814018174E-5	0.9996934826629235	1.0792681176593038E-5	3.26644182279902E-5
8	8	4.554097035114309E-6	1.3742809819868109E-5	1.3835463856082685E-5	4.540550372270009E-6	1.3810101678869514E-5	6.27917742100998E-121	0.21310209625088825	4.5501198737939674E-6	9.132363855400696E-6	1.3885801502478638E-5	0.7868015024625528	4.5572638525035E-6	1.3792714712663035E-5
9	9	8.353390290540424E-6	2.5207862992130635E-5	2.5377814427184937E-5	8.328542211766458E-6	2.533129364309845E-5	1.1517633308384008E-120	0.1353457103174075	8.346095149373888E-6	1.675111421016783E-5	2.5470146672943083E-5	0.8644774648224876	8.359199051624522E-6	2.529940145600378E-5
10	10	1.0681529876719606E-5	3.223344442359082E-5	3.245076233499974E-5	1.064975649051691E-5	3.2391275931536594E-5	1.4727666254493358E-120	7.746453594477996E-5	1.0672201536295543E-5	2.1419749428788422E-5	3.2568828127132926E-5	0.9996964284631293	1.0688957574086602E-5	3.235049520210373E-5
11	11	3.5792431553158984E-5	1.0801012276045277E-4	1.0873832710563112E-4	3.568596302627215E-5	1.0853899582548004E-4	4.9350513684432254E-120	2.5957368772087025E-4	3.576117348526175E-5	7.177482291059E-5	1.091339503761241E-4	6.675752183475984E-4	3.581732081084717E-5	0.9984235979860777
12	12	4.2739012907339685E-6	1.2897268585751928E-5	1.2984221982202613E-5	4.261188100969021E-6	1.2960420240366324E-5	5.892844240576999E-121	3.0995164923152314E-5	4.2701688285643215E-6	8.57048529447278E-6	1.3031462550474513E-5	0.999878534741911	4.276873266259045E-6	1.2944103026056035E-5
13	13	8.546083288515744E-6	2.5789348894687517E-5	2.5963220708221907E-5	8.520662023211958E-6	2.5915626799446878E-5	1.1783317924399877E-120	6.197786119881387E-5	8.5386198656608E-6	1.7137522878303384E-5	2.6057682840963194E-5	0.9997571183465234	8.552026044007968E-6	2.588299893486923E-5
14	14	6.923847368213197E-5	2.0893959190915643E-4	2.103482628264693E-4	6.903251622193873E-5	2.0996266752053798E-4	9.546583159248039E-120	5.021309021473619E-4	6.917800668345259E-5	1.388444140698779E-4	2.1111357410076435E-4	0.9980322266464781	6.928662057069561E-5	2.0969832378942794E-4
15	15	6.343634392584083E-7	1.914306180827115E-6	1.927212434826768E-6	6.324764553917661E-7	0.9999720632247256	8.746586982650124E-122	4.600527266191456E-6	6.338094401419636E-7	1.272093611357526E-6	1.934224222728013E-6	1.1831699973937346E-5	6.348045614292846E-7	1.9212576882686814E-6
16	16	6.797568016713128E-7	2.051288845428867E-6	2.0651186366769527E-6	0.9999686805450866	2.061333009727655E-6	9.372469510249096E-122	4.929728775233041E-6	6.791631598498935E-7	1.3631212506410855E-6	2.072632169492337E-6	1.2678344991035991E-5	6.802294893728167E-7	2.0587377842750233E-6
17	17	1.3883894610119581E-5	4.189715803479275E-5	4.217962871209422E-5	1.3842595437572557E-5	4.210230805054578E-5	1.9143078612367954E-120	1.0068870896698215E-4	1.3871769596490468E-5	2.7841474683568324E-5	4.233309109379012E-5	0.9996054165205557	1.3893549160416162E-5	4.204930109778672E-5
18	18	7.992947956345386E-6	2.4120163188705743E-5	2.4282781350703216E-5	7.969172052963932E-6	2.4238267902491326E-5	1.1020656333804283E-120	0.10073949617453318	7.985967594881331E-6	1.6028316579950802E-5	2.437112953142609E-5	0.8990913088213968	7.99850607387865E-6	2.4207751838618388E-5
19	19	7.992947956345386E-6	2.4120163188705743E-5	2.4282781350703216E-5	7.969172052963932E-6	2.4238267902491326E-5	1.1020656333804283E-120	5.7966415992390166E-5	7.985967594881331E-6	1.6028316579950802E-5	2.437112953142609E-5	1.4907883442546736E-4	7.99850607387865E-6	0.9996479674973507
20	20	2.602580267506122E-6	7.853755724021447E-6	0.48472603542539405	2.59483860606648E-6	0.5151672560683721	3.58843106022671E-121	1.887441920850748E-5	2.6003073950808753E-6	5.21897310981548E-6	7.935472764460029E-6	4.8541493688885984E-5	2.6043900437107915E-6	7.882275425784197E-6
21	21	7.383832852959397E-5	2.2282048418708787E-4	2.243227400926722E-4	7.361868829490759E-5	2.2391152778014297E-4	1.0180809976889434E-119	5.354899457754288E-4	7.377384440860967E-5	1.480685363986629E-4	2.2513889478663947E-4	0.9979014977133065	7.388967405450776E-5	2.2362962238528907E-4
22	22	8.546083288515744E-6	2.5789348894687517E-5	2.5963220708221907E-5	8.520662023211958E-6	2.5915626799446878E-5	1.1783317924399877E-120	6.197786119881387E-5	8.5386198656608E-6	1.7137522878303384E-5	2.6057682840963194E-5	0.9997571183465234	8.552026044007968E-6	2.588299893486923E-5
23	23	1.4821045201827593E-7	4.472517910134361E-7	4.5026716299229317E-7	1.4776958371704913E-7	4.4944176561495394E-7	2.0435219467111814E-122	1.0748510766032476E-6	1.4808101760515464E-7	2.972074957050907E-7	4.5190537255795587E-7	2.7643169400365694E-6	1.483135142571989E-7	0.999993472383828
24	24	6.073257705533254E-7	0.9999732449645683	1.8450713022954267E-6	6.055192132079495E-7	1.8416890502924205E-6	8.373792293514907E-122	4.404444824496206E-6	6.067953838389302E-7	1.2178747779614124E-6	1.8517842356496225E-6	1.1327412424693916E-5	6.077480913331118E-7	1.8393703573512043E-6
25	25	7.3579667966331766E-6	2.2203992924910482E-5	2.235369226525925E-5	7.336079714595839E-6	2.231271508440738E-5	1.0145145924147067E-120	5.336140889710591E-5	7.351540973750114E-6	1.4754984249281512E-5	2.2435021830252322E-5	0.9997908848906031	7.363083362446554E-6	2.2284623298251962E-5
26	26	2.9167594154586845E-6	8.8018480124353E-6	8.861190079682737E-6	2.908083193565629E-6	8.844946383377486E-6	4.021620471160367E-121	2.115290760675797E-5	2.914212165666144E-6	5.848998836707035E-6	8.893429797665327E-6	0.9999171050262788	2.9187876648274924E-6	8.833810565014816E-6
27	27	1.918221863732679E-8	5.788580713658307E-8	0.2679275359312215	1.912515901683959E-8	5.816924579454849E-8	2.6448394319150892E-123	1.3911318718215068E-7	1.9165466517770604E-8	3.846624233063135E-8	5.8488099467643505E-8	3.5777322857168675E-7	0.7320716386041134	5.809601051110133E-8
28	28	0.7181909270746836	1.0505415910512923E-7	1.0576243434067431E-7	3.4709328549660824E-8	1.0556855825309629E-7	4.799991504520785E-123	2.524698129434764E-7	3.4782480688767145E-8	0.2818075388531993	1.0614723040368998E-7	6.493053744459609E-7	3.48370914041763E-8	1.0543564706985557E-7
29	29	1.9361265525032783E-6	5.842611343827368E-6	5.8820022347830185E-6	1.930367330987262E-6	5.8712197713543525E-6	2.669526371299932E-121	1.4041167009879084E-5	1.934435704114118E-6	3.882528635474867E-6	0.9999147669721418	3.61112684986579E-5	1.9374728916758668E-6	5.863827885173563E-6
30	30	2.443229613891602E-7	7.372886363880319E-7	7.422594370402923E-7	2.4359619585088996E-7	7.408987804279671E-7	3.3687187838996066E-122	1.7718777219278017E-6	2.4410959047848005E-7	4.899426086951661E-7	0.9999892443054678	4.556939755670362E-6	2.444928581209909E-7	7.399659862779116E-7
31	31	8.834592318095651E-7	2.665997696744483E-6	2.683971855623188E-6	8.808312850930745E-7	2.679051791464475E-6	1.2181113441343707E-121	0.9999648212446273	8.826876935973224E-7	1.7716072130411306E-6	2.693736965605074E-6	1.6477659214086538E-5	8.840735696324889E-7	2.6756788559099985E-6
32	32	5.676242273653542E-7	1.7129085624842943E-6	1.7244569935592284E-6	5.659357666296506E-7	1.7212958430317083E-6	7.826388424772123E-122	0.9999773975831379	5.671285126047421E-7	1.1382609851023944E-6	1.7307310951917986E-6	1.058692721001709E-5	5.680189405785086E-7	1.7191287255585665E-6
33	33	1.2803812762838824E-6	3.86378161054E-6	3.889831229647049E-6	1.2765726412617837E-6	3.882700670816362E-6	1.7653864505598738E-121	0.9999490160744489	1.2792631000904324E-6	2.5675578711891115E-6	3.903983624609349E-6	2.388076956475874E-5	1.2812716248336095E-6	3.877812337122437E-6
34	34	2.5799081622494113E-7	7.785338554084884E-7	7.83782731364627E-7	2.5722339414820943E-7	7.823459572357456E-7	3.557170819103822E-122	1.8709996683562794E-6	2.577655089714106E-7	5.173508572504181E-7	0.9999886426130574	4.8118629553638015E-6	2.581702172778333E-7	7.813609809454519E-7
35	35	1.5587046097483025E-6	4.703672506746441E-6	4.735384671034092E-6	1.5540680713391935E-6	4.726704104451822E-6	2.1491379555793866E-121	0.9999379334255728	1.5573433696087249E-6	3.125681672910281E-6	4.752613447864334E-6	2.9071860307861466E-5	1.5597884981294026E-6	4.720753167489652E-6
