0	0	7.163430462442883E-5	4.595149605927213E-5	1.0372686105501706E-5	3.1554623614855335E-5	0.9993116320031908	8.287937966171938E-5	3.516607963362779E-5	7.1543947596371E-5	6.732497605184863E-5	3.147779216744316E-5	3.1544729813266733E-5	3.13605970663651E-5	4.916208424582801E-5	3.833599037790018E-5	8.314847595629637E-5	6.910833834447711E-6
1	1	1.3871227591552756E-5	8.89802257943794E-6	2.0085612676706903E-6	6.110220068754293E-6	4.810772862039081E-5	1.604871777511981E-5	6.809540438176741E-6	1.385373090602956E-5	1.3036771562274066E-5	6.095342469274123E-6	6.108304238422712E-6	6.0726488739612094E-6	9.519719120947745E-6	7.423360221997408E-6	0.9998346978941799	1.3382100861817609E-6
2	2	0.5929111766564189	2.9346206366295725E-5	6.62435422411975E-6	2.015186829212022E-5	0.11873174784808621	5.292962335603042E-5	2.2458268359552015E-5	4.569042643822481E-5	0.28800620418670714	2.0102801086380697E-5	2.0145549770024835E-5	2.002795626267965E-5	3.139659844402762E-5	2.4482682423115132E-5	5.3101477508131924E-5	4.4134962571682974E-6
3	3	2.8720650675107683E-5	1.8423531480291312E-5	4.158765772356836E-6	1.2651331324820406E-5	9.960800220166077E-5	3.322918710405289E-5	1.409928796078539E-5	2.8684423442184916E-5	0.9996513945412459	1.2620526961274793E-5	1.2647364560282593E-5	1.257353942399717E-5	1.9710766447548233E-5	1.5370213945686634E-5	3.333707704191202E-5	2.7707904121288906E-6
4	4	0.7598104904194982	3.037526017428321E-5	6.856643769647432E-6	2.0858513524053348E-5	1.6422578839201893E-4	5.478565305165822E-5	2.3245789795465605E-5	4.7292606519968784E-5	0.23966210883316974	2.0807725728119536E-5	2.0851973436719107E-5	2.073025639650505E-5	3.249755128213576E-5	2.5341191944338638E-5	5.496353343990865E-5	4.568259877149984E-6
5	5	2.476954783926834E-5	1.5889004379864418E-5	3.5866439418792233E-6	1.091088638713086E-5	8.590491920318348E-5	2.8657844452918223E-5	1.2159647481349566E-5	2.4738304390465052E-5	0.999699352229679	1.088431978301271E-5	1.090746533079415E-5	1.0843796326019578E-5	1.6999154301693433E-5	1.3255732049185094E-5	2.8750891961047748E-5	2.389612493191026E-6
6	6	1.80007985559674E-5	1.1547032224923796E-5	2.606525379821218E-6	7.9292795006302E-6	0.4266286556987277	2.0826544287070306E-5	8.836792913770663E-6	1.797809297281541E-5	0.5732152840118641	7.909972725546936E-6	7.926793312898178E-6	7.880523072656287E-6	1.2353812600546405E-5	9.633351560458285E-6	2.08941647967721E-5	1.7366055043023864E-6
7	7	0.6103691524189577	2.298651500177842E-5	5.188773494236267E-6	1.578470542423147E-5	1.242780646780456E-4	4.145910943736918E-5	1.7591279639937015E-5	3.578873738058836E-5	3.367826305402569E-5	1.5746271698020024E-5	1.5779756205203917E-5	1.568764668730022E-5	0.38922265072373896	1.9176977759178402E-5	4.1593720637061966E-5	3.457036206295096E-6
8	8	1.4188128343395126E-4	9.101305960575125E-5	2.0544486681653608E-5	6.249813577759203E-5	0.5608539079579122	1.6415365261470525E-4	6.965110554110343E-5	1.4170231930251542E-4	0.4379160336040988	6.234596086050335E-5	6.247853978549311E-5	6.211384035008164E-5	9.737205722392716E-5	7.59295360657862E-5	1.6468663367513538E-4	1.3687827070716596E-5
9	9	0.9992592592534094	3.934257065710866E-5	8.880845478530743E-6	2.7016313190861104E-5	2.127081264970547E-4	7.095934039128167E-5	3.0108355360942435E-5	6.125421487404975E-5	5.764203245725531E-5	2.695053194524937E-5	2.7007842354839463E-5	2.6850192305841694E-5	4.209139938767979E-5	3.282235703941662E-5	7.11897341954204E-5	5.916890455113573E-6
10	10	0.9271939283176431	2.3506322680284363E-5	5.306110302539895E-6	1.6141654317173055E-5	1.2708843816373967E-4	4.239664883505063E-5	1.7989081665641087E-5	0.0724000933895137	3.4439849563893376E-5	1.610235146634673E-5	1.613659317852424E-5	1.6042400733536293E-5	2.5148687529719192E-5	1.9610638115652075E-5	4.253430407753144E-5	3.53521221360922E-6
11	11	0.9995533838193721	2.372088848066391E-5	5.3545444970096885E-6	1.6288995397490948E-5	1.2824850189742013E-4	4.278364560244942E-5	1.815328606962975E-5	3.69321164257837E-5	3.475421663811148E-5	1.6249333790096898E-5	1.6283888060749825E-5	1.6188835826775594E-5	2.5378244842519763E-5	1.978964409291485E-5	4.2922557362492815E-5	3.5674816437723998E-6
12	12	0.999482532083537	2.748399917236419E-5	6.203995969382114E-6	1.8873101502425484E-5	1.4859400072129967E-4	4.957089534344171E-5	2.1033145521513378E-5	4.279107243842528E-5	4.026766797106445E-5	1.8827147929241184E-5	1.886718393155201E-5	1.8757052495201782E-5	2.9404280569694205E-5	2.2929097378220583E-5	4.9731844234592074E-5	4.133431284616066E-6
13	13	0.7913292493096923	5.1405358133395715E-5	1.1603792907435077E-5	3.529975880641302E-5	0.2079808185000958	9.27161150071997E-5	3.933984903086492E-5	8.003531035691382E-5	7.531560018858696E-5	3.521380843680947E-5	3.5288690735564854E-5	3.508270375776646E-5	5.499700257813523E-5	4.288598813480255E-5	9.301714963243271E-5	7.73106250560235E-6
14	14	0.33513289456944684	3.055382687727371E-5	6.896951844854071E-6	2.0981134234720586E-5	1.6519122070143518E-4	5.51077208588304E-5	2.338244456050695E-5	4.7570625038119535E-5	0.6643366042583339	2.093004787313762E-5	2.0974555700247922E-5	2.0852123123427953E-5	3.268859427417665E-5	2.5490164926607312E-5	5.528664695053404E-5	4.595115255506778E-6
15	15	0.7459375167300666	6.570159952793416E-5	1.483090055770069E-5	4.51169041661613E-5	3.5521990327598254E-4	1.1850120841841753E-4	5.028057580706008E-5	1.0229377053493766E-4	9.626147120608859E-5	4.500705031107647E-5	4.510275797625391E-5	0.25287029499852676	7.029210902973844E-5	5.4812924568694266E-5	1.1888596318152562E-4	9.8811328451484E-6
16	16	0.9995342527787595	2.473698530065201E-5	5.583909246156051E-6	1.6986743141538696E-5	1.3374209439301452E-4	4.461630571885203E-5	1.893089169189474E-5	3.8514123191097694E-5	3.624293191266575E-5	1.694538260818824E-5	1.6981417029323562E-5	1.688229318257004E-5	2.646533539995752E-5	2.0637343977676684E-5	4.476116783770066E-5	3.720296609221856E-6
17	17	0.9995554129156474	2.3613118165681256E-5	5.330217375051262E-6	1.6214990152444185E-5	1.2766583479130374E-4	4.2589268104050044E-5	1.807081085546191E-5	3.6764323983125954E-5	3.459631897432382E-5	1.6175508738297322E-5	1.6209906019694334E-5	1.6115285633338437E-5	2.5262944716109462E-5	1.969973446836489E-5	4.272754875096515E-5	3.5512736243823344E-6
18	18	0.8813521908434303	3.606643375970857E-5	8.14131918255226E-6	0.11799351802688614	1.949954826622794E-4	6.505040995312674E-5	2.760117059211507E-5	5.6153450228568E-5	5.284206168208111E-5	2.4706305636808136E-5	2.475884369054229E-5	2.4614321485855967E-5	3.858636185978085E-5	3.0089171760456125E-5	6.526161839062408E-5	5.424178799161588E-6
19	19	0.9989259070654819	5.704772872705481E-5	1.287745196270167E-5	3.917434169591863E-5	3.0843219687403664E-4	1.0289284949307577E-4	4.365788153546752E-5	8.882017049620839E-5	8.358241406127921E-5	3.9078957215639185E-5	3.9162058768103226E-5	3.893346218483938E-5	6.103360034448106E-5	4.759325304099957E-5	1.0322692637263334E-4	8.579641745652665E-6
20	20	0.5526547210974745	0.28696586070611146	1.246693219870032E-5	3.79255044605326E-5	2.985996994950611E-4	9.961273255583797E-5	4.2266113717062945E-5	8.598867591666943E-5	0.15947571322681214	3.783316073819557E-5	3.7913613099670236E-5	3.7692303937527027E-5	5.908791269741081E-5	4.607602967545819E-5	9.9936159412227E-5	8.306131697636727E-6
21	21	0.9996118446905331	2.0615887216842862E-5	4.65364885206141E-6	1.415680918798987E-5	1.1146111381964018E-4	3.718338009069321E-5	1.577706916550105E-5	3.2097800532805194E-5	3.020498203956721E-5	1.4122339179602915E-5	1.4152370388055405E-5	1.4069760238906941E-5	2.2056300035358883E-5	1.7199232272162112E-5	3.7304108670505145E-5	3.100507777190584E-6
22	22	0.999734882994732	1.4081018980206971E-5	3.1785252375439676E-6	9.669353386469549E-6	7.612993041439986E-5	2.539691235687128E-5	1.0776019874126951E-5	2.1923370736917643E-5	2.063054191761775E-5	9.64580975542232E-6	9.666321606877958E-6	9.609897400348204E-6	1.5064846647846085E-5	1.1747382662796264E-5	2.5479372131990558E-5	2.1177021585193664E-6
23	23	7.935155601885876E-5	0.9990131707641644	1.1490148286943314E-5	3.495404187359572E-5	2.7520441845289276E-4	9.180807676595252E-5	3.895456447356717E-5	7.925146471747433E-5	7.457797819991316E-5	3.486893328022971E-5	3.494308220064135E-5	3.473911260733998E-5	5.445837580876468E-5	4.2465973585691546E-5	9.210616313400683E-5	7.655346429707519E-6
24	24	3.631577902117739E-5	0.9995483708920375	5.258544470256181E-6	1.599695487101476E-5	1.2594917286576764E-4	4.2016590416944575E-5	1.782782123329834E-5	3.626997155670681E-5	3.4131118682922365E-5	1.595800434471697E-5	1.5991939102186477E-5	1.589859103128524E-5	2.4923245881319694E-5	1.943484148301532E-5	4.215301166959038E-5	3.503521332407716E-6
25	25	8.609727603538655E-5	0.8820397632830458	1.246693219870032E-5	3.79255044605326E-5	0.11718811627710715	9.961273255583797E-5	4.2266113717062945E-5	8.598867591666943E-5	8.091789370473028E-5	3.783316073819557E-5	3.7913613099670236E-5	3.7692303937527027E-5	5.908791269741081E-5	4.607602967545819E-5	9.9936159412227E-5	8.306131697636727E-6
26	26	5.3619769644108566E-5	0.9993331755675845	7.764171683994785E-6	2.361929327444186E-5	1.85962295672916E-4	6.203694262137809E-5	2.632254335583333E-5	5.355213552585212E-5	5.039414741473151E-5	2.3561783335129076E-5	2.3611887557797204E-5	2.3474060359996287E-5	3.679884444060903E-5	2.8695287598852152E-5	6.223836680498607E-5	5.172903125040315E-6
27	27	8.834602602903038E-6	0.9998901314029247	1.2792552415663547E-6	3.891606980524233E-6	3.0639873917740355E-5	1.022144888716791E-5	4.3370050186708394E-6	8.823458941504278E-6	8.303136490072254E-6	3.8821314183777E-6	3.890386785734522E-6	3.867677838483821E-6	6.0631212897153685E-6	4.727947624439764E-6	1.0254636322112183E-5	8.523077162840393E-7
28	28	0.6076744063216041	9.180945597674523E-6	2.0724258185963846E-6	6.304501650814621E-6	0.2614847941090853	1.6559005497052166E-5	7.026057727987297E-6	1.4294226457347765E-5	0.130731029660466	6.289151000686235E-6	6.3025249044205094E-6	6.265735836010774E-6	9.822409706683839E-6	7.659394628598968E-6	1.661276998032079E-5	1.3807600385152265E-6
29	29	3.2272285791162803E-4	2.0701810691557974E-4	4.673044460664975E-5	1.4215812335587473E-4	0.001119256645854775	3.733835402828998E-4	1.5842825278214595E-4	3.223157864885144E-4	3.0330871213447966E-4	1.4181198662129843E-4	1.4211355035497765E-4	1.4128400581445667E-4	2.2148226903141163E-4	0.9959522555583973	3.745958578407323E-4	3.113430160728838E-5
30	30	1.0787781484513609E-4	6.920074131701233E-5	1.5620766014310295E-5	4.751974436938236E-5	3.7413823733171324E-4	1.248123566006905E-4	5.2958423306200385E-5	1.077417415099668E-4	1.0138817343245005E-4	4.740403990764898E-5	4.7504844780400714E-5	4.722754972628768E-5	7.403573259317729E-5	0.4394369857408646	0.5593351767102803	1.0407383120793385E-5
31	31	1.2091023195989666E-5	7.756068934514587E-6	1.750786707065642E-6	5.326047179047091E-6	4.1933683144939916E-5	1.3989058834492365E-5	5.935618231955492E-6	1.2075771998565532E-5	1.1363659511741108E-5	5.313078939630061E-6	5.324377222381336E-6	5.2932977929710625E-6	8.297978239559748E-6	6.470661665952112E-6	0.9998559124214043	1.1664669969790154E-6
32	32	5.782956537485971E-5	3.709612397809291E-5	8.373752385759167E-6	2.547369139383083E-5	0.10012493514064508	6.690758749601579E-5	2.8389179064591444E-5	5.7756621166235873E-5	5.435069307036341E-5	2.5411666233758955E-5	2.5465704239508974E-5	2.5317055951786652E-5	3.9687995573686914E-5	3.094821222027669E-5	0.8993864779730747	5.579038131511323E-6
33	33	1.6072546954159506E-5	1.0310110245345536E-5	2.3273135035721493E-6	7.079892410900005E-6	5.574227097103237E-5	1.8595597851177138E-5	7.89019268168406E-6	0.05555993055165278	1.5105665427398982E-5	7.062653784063846E-6	7.077672544434884E-6	7.036358787905926E-6	1.1030468035505361E-5	8.601423697953858E-6	0.9442645867017141	1.550579738002736E-6
34	34	6.179937799205338E-5	3.964265290430259E-5	8.948583402709776E-6	2.7222377915097512E-5	2.1433054037417416E-4	7.150057696958256E-5	3.033800438450954E-5	6.172142639944059E-5	5.808169235602893E-5	2.715609492840286E-5	2.7213842468465366E-5	2.705498995658367E-5	4.241244810170198E-5	3.307270688931413E-5	0.9992635426639036	5.962021054220726E-6
35	35	2.5390521460773527E-5	1.6287342397817017E-5	3.6765612585816088E-6	0.2256415685465636	8.80585591940654E-5	2.9376297836481746E-5	1.2464490362685874E-5	2.5358494737375257E-5	2.386309545758582E-5	1.1157190144520189E-5	1.1180915952172371E-5	1.1115650762730683E-5	1.742532382556795E-5	1.358805381741839E-5	0.7740670394360483	2.4495201803849925E-6
36	36	5.507776006621822E-5	3.533091425826823E-5	7.975289486738333E-6	2.4261532202354134E-5	1.9101884939860746E-4	6.372380679030824E-5	2.7038287126332497E-5	5.500828688939662E-5	5.176442902445741E-5	2.4202458493908235E-5	2.425392511475976E-5	2.41123502183836E-5	3.7799452296540134E-5	2.947554933359098E-5	0.9993436435482936	5.313561006655041E-6
37	37	6.745932331213152E-5	4.327335688663137E-5	9.76814655038432E-6	2.9715561107034607E-5	2.3396017384874756E-4	7.804901433498637E-5	3.311653471144414E-5	6.73742324607408E-5	6.34011504721769E-5	2.964320754014105E-5	2.9706243934715407E-5	2.953284278884385E-5	4.629682598617119E-5	3.61016971261505E-5	0.9991960936314324	6.508057507344624E-6
38	38	2.071875231378911E-4	1.3290527077657198E-4	3.000086555949941E-5	9.126527219866083E-5	7.185608534545613E-4	2.3971159462418616E-4	0.9973921866712394	2.0692618398007346E-4	1.9472367473423458E-4	9.104305300672636E-5	9.12366564082751E-5	9.070409023122987E-5	1.421912381308421E-4	1.108789836807674E-4	2.4048990042405816E-4	1.998816841293757E-5
39	39	2.515404162435812E-5	1.6135646889245916E-5	3.642318850195322E-6	1.1080254355932525E-5	8.723840771724913E-5	2.910269565317906E-5	1.2348399771694146E-5	2.512231318842598E-5	2.3640841616958983E-5	1.1053275362608054E-5	1.1076780195077782E-5	1.101212286638234E-5	1.726302949324705E-5	1.3461498687429778E-5	0.9997002416676569	2.4267060710943032E-6
40	40	4.998130088316555E-5	3.206167160568552E-5	7.237319436879299E-6	2.201656239169085E-5	1.7334347973972414E-4	5.782731100135304E-5	2.4536378432998924E-5	4.991825620324656E-5	4.697455922328906E-5	2.1962954895805593E-5	2.2009659203662833E-5	2.1881184525593637E-5	3.4301790707916077E-5	2.674811572161954E-5	0.999404377569823	4.821886204438686E-6
41	41	0.1993489770757091	2.584998869499351E-4	5.8351488321092666E-5	1.7751036063475364E-4	0.001397596184856469	4.662374919284526E-4	1.978265864954559E-4	4.024700815346409E-4	3.787362804436542E-4	1.7707814575224732E-4	1.774547031086339E-4	1.7641886535927191E-4	2.765610330374742E-4	2.1565890185639295E-4	0.7962517460564965	3.8876857515807655E-5
42	42	3.541036488357578E-6	2.271480474244912E-6	5.127440012775034E-7	1.5598123578139412E-6	1.2280904576935052E-5	4.096904535519239E-6	1.7383343328037112E-6	3.5365699477104706E-6	3.328017184326748E-6	0.9999552476113251	1.5593232860958935E-6	1.5502212116233533E-6	2.4301866971543073E-6	1.8950297829676453E-6	4.110206539398173E-6	3.416172586731602E-7
43	43	4.2417891280839835E-6	2.720994604824346E-6	6.1421336302524E-7	1.8684910824782467E-6	1.4711231496414766E-5	4.907660560601543E-6	2.0823416245795283E-6	4.236438682354509E-6	0.9999485140200457	1.8639415471678028E-6	1.8679052260197524E-6	1.8570018985144942E-6	2.9111079609305953E-6	2.2700462865085817E-6	4.923594961622518E-6	4.092215312013854E-7
44	44	8.796680277191144E-5	5.642835806270643E-5	0.6840075736251534	3.8749023482853565E-5	3.050835297325575E-4	1.0177573556112353E-4	4.3183885257367814E-5	8.785584449699145E-5	8.267495470259618E-5	3.865467459768434E-5	3.873687391153334E-5	3.8510759215292924E-5	6.037095482928796E-5	4.707653019484487E-5	0.31495687195597705	8.486492052817375E-6
45	45	4.3770966383816566E-5	2.8077907642738108E-5	6.338059637965201E-6	1.92809349757938E-5	1.5180500488127166E-4	5.0642084963404016E-5	2.148765591519709E-5	4.371575520450247E-5	4.113782187189367E-5	1.9233988380590145E-5	1.9274889530681805E-5	1.9162378237146573E-5	3.0039684871159643E-5	2.3424577859992924E-5	0.9994783855380303	4.222751613737254E-6
46	46	4.967486633391491E-5	3.186510201439624E-5	0.907392804920877	2.1881579202911567E-5	1.722807136623916E-4	5.7472772690665644E-5	0.09198914391656254	4.9612208179911256E-5	4.668655895864041E-5	2.1828300373718613E-5	2.1874718338217967E-5	2.1747031336327034E-5	3.4091486982556056E-5	2.6584123455719573E-5	5.7659377733237726E-5	4.792323297921927E-6
47	47	1.3087043625928015E-5	8.394989478257235E-6	1.8950110047479303E-6	5.764790179962508E-6	4.538804796071288E-5	1.5141433465564559E-5	6.424575777360177E-6	1.3070536082868838E-5	1.2299762011016063E-5	5.75075365780461E-6	5.762982657523431E-6	5.729343002552286E-6	8.981539565992954E-6	7.003694405203233E-6	0.9998440429402483	1.2625568763057944E-6
48	48	3.506570254078726E-4	2.249371304107138E-4	5.07753271887617E-5	1.5446301199770193E-4	0.0012161369933421343	4.057027829361718E-4	1.7214144737267512E-4	3.502147187944481E-4	3.2956243467109305E-4	1.5408691444292582E-4	1.5441458085771635E-4	1.5351323280042415E-4	2.406532779912602E-4	1.8765847483909304E-4	0.9958212534299512	3.382921699569495E-5
49	49	4.791236665271501E-5	3.073450547158417E-5	6.937736639811527E-6	2.110520516880669E-5	1.6616807108645078E-4	5.543359773115872E-5	2.352071552838617E-5	4.7851931654697596E-5	4.503008655410884E-5	2.1053816710467196E-5	2.1098587732484975E-5	2.0975431156476083E-5	3.288189671341501E-5	0.999399060181056	5.561358189375032E-5	4.6222882498552236E-6
50	50	1.007230229208897E-6	6.4611133102964E-7	0.9999869736523889	4.4368087249293426E-7	3.493242267508027E-6	1.1653441324102258E-6	4.944605609765095E-7	1.0059597439217366E-6	9.466379469406025E-7	4.42600566670282E-7	4.435417584735537E-7	4.4095271862959954E-7	6.91254527323574E-7	5.390318029570787E-7	1.169127821299049E-6	9.717133129985865E-8
51	51	3.694425550607441E-6	2.36987546706943E-6	5.349548205641124E-7	1.6273796239625604E-6	1.2812883403707847E-5	4.274372445521484E-6	0.9999534992645933	3.6897655303157115E-6	3.472178769990634E-6	1.6234171640224815E-6	1.6268693668507867E-6	1.6173730127167795E-6	2.5354564563884147E-6	1.9771178502046455E-6	4.288250659757962E-6	3.564152849370888E-7
52	52	4.284511578189238E-5	2.748399917236419E-5	6.203995969382114E-6	1.8873101502425484E-5	1.4859400072129967E-4	4.957089534344171E-5	2.1033145521513378E-5	4.279107243842528E-5	4.026766797106445E-5	1.8827147929241184E-5	1.886718393155201E-5	1.8757052495201782E-5	2.9404280569694205E-5	0.005310969769165285	0.9942013781402027	4.133431284616066E-6
53	53	1.5852420722405072E-5	1.0168905138043403E-5	2.2954391059975964E-6	6.982927689497532E-6	5.497883652014639E-5	1.8340916443564818E-5	7.782130257739109E-6	1.583242502856106E-5	1.489878140222486E-5	6.9659251592785984E-6	6.980738225857885E-6	6.939990293872497E-6	1.0879397059009309E-5	8.483620403195781E-6	0.9998110882032274	1.529343323156053E-6
54	54	2.8720650675107683E-5	1.8423531480291312E-5	4.158765772356836E-6	1.2651331324820406E-5	9.960800220166077E-5	0.297793689252543	1.409928796078539E-5	2.8684423442184916E-5	0.7018909344758069	1.2620526961274793E-5	1.2647364560282593E-5	1.257353942399717E-5	1.9710766447548233E-5	1.5370213945686634E-5	3.333707704191202E-5	2.7707904121288906E-6
55	55	3.490762037994169E-5	2.2392307550654162E-5	5.054642336371202E-6	1.5376666642530366E-5	1.2106544405950975E-4	0.36625244215597264	1.713654044019089E-5	0.11205266857924188	3.2807671107135236E-5	1.5339226438237644E-5	1.5371845362114785E-5	0.16373361248708057	2.3956837201639265E-5	0.35761398179324205	4.051851203233825E-5	3.367670912233428E-6
56	56	2.219154877928582E-5	1.423528673345628E-5	3.213348281794628E-6	9.775288150452257E-6	7.696398889671313E-5	2.5675153911283743E-5	1.0894078970367657E-5	0.2027030518595948	2.085656443448391E-5	9.751486581888568E-6	9.772223155521165E-6	0.7970386137756121	1.5229892945182618E-5	1.1876083741354347E-5	2.575851709291493E-5	2.14090311823011E-6
57	57	1.9613047260720765E-5	0.9949147159423859	2.839979865435159E-6	8.639468582785141E-6	6.802131598015497E-5	2.269188203566627E-5	9.628263796859761E-6	1.9588308042954534E-5	1.8433178685195195E-5	8.618432588688386E-6	8.636759718656943E-6	0.004849959263492712	1.3460286755127396E-5	1.0496166536554662E-5	2.2765559003299223E-5	1.8921452691785908E-6
58	58	1.6364712540322174E-5	1.0497526677341311E-5	2.3696192386802664E-6	7.2085901787210474E-6	5.6755549906769136E-5	1.8933627272508424E-5	8.033620028722174E-6	1.6344070659341874E-5	1.538025511169485E-5	7.191038189383687E-6	7.206329959685246E-6	0.9997931524335653	1.1230979078866037E-5	8.757779750526831E-6	1.899510177874543E-5	1.5787660633771523E-6
59	59	6.889061848219747E-6	4.4191494568176075E-6	9.975398866174256E-7	3.034604088358833E-6	2.389241439921789E-5	0.9999178778232852	3.3819173484775673E-6	6.88037222447069E-6	6.474634274497178E-6	3.027215217958181E-6	3.0336526027345183E-6	3.0159445801838906E-6	4.72791130914952E-6	3.6867672564249063E-6	7.996378222017334E-6	6.646139996456973E-7
60	60	1.157291491329524E-5	7.423716288176617E-6	1.6757643471331198E-6	5.0978225604390615E-6	4.0136797289284354E-5	0.5827823191315168	0.4170854053363464	1.1558317239694387E-5	1.0876719240490518E-5	5.085410018595761E-6	5.096224162512896E-6	5.0664765070590426E-6	7.942404423692783E-6	6.1933895650471145E-6	1.3433092461181486E-5	1.1164831202774162E-6
61	61	5.170209866331167E-6	3.316551749108583E-6	7.486491887398387E-7	2.2774566905791656E-6	1.7931149317411217E-5	5.98182377408462E-6	0.9973824481889301	0.00255763946588658	4.85918384018309E-6	2.2719113766469985E-6	2.2767426049067057E-6	2.2634528137970307E-6	3.5482761276153126E-6	2.7669022087471204E-6	6.001245813909107E-6	4.987898111493911E-7
62	62	3.2125005140967575E-6	2.0607334082166207E-6	4.6517181427520857E-7	1.4150935800427017E-6	1.1141487074954177E-5	3.7167953422206732E-6	0.999959565124712	3.2084483773361667E-6	3.0192450574073E-6	1.411648009298287E-6	1.4146498842065182E-6	1.4063922966277058E-6	2.204714930113693E-6	1.7192096641839168E-6	3.7288631914055352E-6	3.0992214362096986E-7
63	63	4.937077125499184E-6	3.1670033130932655E-6	7.148914416067596E-7	2.17476265414199E-6	1.71226061257976E-5	5.7120941097807116E-6	2.4236662624551976E-6	0.9073198986967124	4.640075742802851E-6	2.1694673869717926E-6	2.1740807676943805E-6	2.1613902337728246E-6	3.388278881807831E-6	2.6421383186505234E-6	0.0926261974723146	4.7629860890060474E-7
64	64	5.507602386760309E-6	3.5329800533157902E-6	7.975038084238568E-7	2.426076741383405E-6	1.9101282797251114E-5	6.372179804512748E-6	0.28958075726778226	0.7103554206855583	5.176279727091701E-6	2.420169556754977E-6	2.4253160566035467E-6	2.4111590132479483E-6	3.779826075649473E-6	2.947462018527646E-6	6.392869268897876E-6	5.313393508970856E-7
65	65	1.540044653929735E-5	9.878975752913522E-6	2.2299929995022994E-6	6.78383487626553E-6	5.341131474164062E-5	0.8306489730133585	7.560251086874795E-6	0.1672820667003393	0.0019152317885908847	6.7673171114235075E-6	6.781707837226977E-6	6.74212168447991E-6	1.0569210578057505E-5	8.241740789433633E-6	1.7875844059667297E-5	1.4857396545884027E-6
66	66	4.048988219936517E-5	2.597317963899139E-5	5.862956871078927E-6	1.7835630564285473E-5	1.4042565820957778E-4	0.8745835228228946	1.9876935069646978E-5	4.0438809665875423E-5	3.805411895468886E-5	1.7792203099312706E-5	1.7830038287471636E-5	1.7725960872744415E-5	2.7787901484144742E-5	2.1668664790358484E-5	0.12498080902445531	3.906212942573197E-6
67	67	3.079469098141461E-5	1.975397302588472E-5	4.459087931973973E-6	1.3564937753621223E-5	1.0680111957681852E-4	0.47132864205394265	1.5117457495023743E-5	3.075584762596322E-5	2.8942164563719302E-5	1.3531908876002916E-5	1.3560684532149333E-5	1.3481528168866077E-5	2.1134164703488472E-5	1.6480162449309638E-5	0.5283400093374039	2.9708809692716232E-6
68	68	4.089865215761569E-5	2.6235394666053882E-5	5.92214698241625E-6	1.8015692089909002E-5	1.418433405372515E-4	0.38368040373203616	0.19183662003183158	4.0847064015874E-5	3.843829840326755E-5	1.7971826198295316E-5	0.4240335248820475	1.790491521620792E-5	2.806843723067061E-5	2.1887423125047792E-5	4.747251492705548E-5	3.945648535237834E-6
69	69	2.0301041653636748E-5	0.5011330778501764	2.9396018261351033E-6	8.942527350946777E-6	7.040739517381684E-5	0.4986379428740191	9.966007922884571E-6	2.0275434623598306E-5	1.907978517170639E-5	8.920753447753307E-6	8.939723464188663E-6	8.88754055288315E-6	1.3932452130118114E-5	1.086435530540162E-5	2.356413847632356E-5	1.9585187051099093E-6
70	70	1.3003031952171991E-5	0.06420288048952508	1.8828460688888074E-6	5.727783374933492E-6	4.509668147744208E-5	0.8184954214727433	6.383333509078966E-6	0.11716802101949209	1.222080425532409E-5	5.713836959583053E-6	5.7259874558014565E-6	5.692563749045928E-6	8.923882986446593E-6	6.9587345115652915E-6	1.5093079988737967E-5	1.254451950592818E-6
71	71	2.945144020724938E-5	1.889231347632558E-5	4.264584492393761E-6	1.2973241180012098E-5	1.0214250206901963E-4	0.9996489193404715	1.4458040698282509E-5	2.9414291181749627E-5	2.767972017096029E-5	1.2941653007398994E-5	1.2969173482176027E-5	1.2893469884381618E-5	2.021230180457419E-5	1.5761305066335275E-5	3.418533034961112E-5	2.8412924579163608E-6
72	72	8.72049803790571E-6	0.9998915504263987	1.2627328387577083E-6	3.8413443777097775E-6	3.0244140273330827E-5	1.0089432311965144E-5	4.2809898142196465E-6	8.709498304048861E-6	8.195896151157429E-6	3.831991198532285E-6	3.840139942519219E-6	3.817724295902859E-6	5.984812185346411E-6	4.666883145224868E-6	1.0122191109878652E-5	8.412996148920764E-7
73	73	1.0359551157992615E-5	6.645375797366042E-6	1.500068618228747E-6	4.563340697214203E-6	0.03839390262063843	1.1985782203788938E-5	5.085619283953705E-6	0.9615168940245332	9.736348210210811E-6	4.552229549919872E-6	4.561909883524567E-6	4.5352811248398824E-6	7.109682008478894E-6	5.544042838055764E-6	1.202469815117912E-5	9.994253036684402E-7
74	74	1.4945909671088886E-5	9.587402473633688E-6	2.1641758148165085E-6	6.5836132105344145E-6	5.1834905144190745E-5	1.7292102275779103E-5	7.337113865293003E-6	0.9998194698200036	1.4046803636256773E-5	6.567582959679856E-6	6.581548950043268E-6	6.543131163800909E-6	1.0257265345604184E-5	7.998489722819687E-6	1.7348247008846015E-5	1.441888754041687E-6
75	75	1.2255624962710044E-5	7.8616565782344E-6	1.7746211320321857E-6	5.398553596502151E-6	4.250454949916533E-5	1.4179499607087728E-5	6.016423076319831E-6	0.9998519655056683	1.1518359275501533E-5	5.385408813290216E-6	5.396860905795357E-6	5.365358374972849E-6	8.4109431935011E-6	6.5587503516490184E-6	1.4225538209437277E-5	1.1823467554917145E-6
76	76	1.6364712540322174E-5	0.16967115006433853	2.3696192386802664E-6	7.2085901787210474E-6	5.6755549906769136E-5	1.8933627272508424E-5	8.033620028722174E-6	0.8301416797013588	1.538025511169485E-5	7.191038189383687E-6	7.206329959685246E-6	7.164265204703629E-6	1.1230979078866037E-5	8.757779750526831E-6	1.899510177874543E-5	1.5787660633771523E-6
77	77	1.3501393500907538E-5	8.660783873095101E-6	1.9550090910495984E-6	5.947309636504876E-6	4.6825082369372336E-5	1.5620827532154028E-5	6.627984755448373E-6	0.9798404493169102	1.2689185703426273E-5	5.932828702960609E-6	5.945444885961571E-6	5.910740163338017E-6	9.265904767383418E-6	0.020003694111424258	1.5671545899307423E-5	1.302530784760978E-6
78	78	9.185139959680255E-6	5.892022333070502E-6	1.330013240672587E-6	4.0460172789705355E-6	3.185559588033125E-5	1.0627013216022262E-5	4.509087719377133E-6	9.173554142613933E-6	8.632586455058115E-6	4.03616574761994E-6	4.044748669568921E-6	4.021138681863741E-6	6.303692440025867E-6	0.9998847955813923	1.0661517454477282E-5	8.861253883917649E-7
79	79	5.824334687587673E-6	3.736155377619133E-6	8.433668171203243E-7	2.5655960483924423E-6	2.0199763192943986E-5	0.9999305700757232	2.8592309021557958E-6	5.816988073761466E-6	5.473958258067169E-6	2.5593491522076258E-6	2.564791617999954E-6	2.549820428560443E-6	3.997197070430368E-6	3.116965254449995E-6	6.760511674837354E-6	5.618957206768484E-7
80	80	3.187226189843566E-6	2.044520603228698E-6	4.615120784352152E-7	1.4039603416716364E-6	1.1053831507037695E-5	3.6875534821027295E-6	1.5646449084702984E-6	3.1832059332392446E-6	2.995491169043421E-6	1.400541878929804E-6	1.4035201366091924E-6	1.3953275155401442E-6	0.9999605059702401	1.7056837947494576E-6	3.6995263875725642E-6	3.0748383342716653E-7
81	81	6.275672153675488E-5	4.025676325760835E-5	9.087207266463046E-6	2.7644083903332448E-5	2.1765076730729935E-4	0.7204111662117904	3.080797501528791E-5	0.27890340969471844	5.898144466825338E-5	2.7576774116830135E-5	2.763541623280097E-5	2.7474102912546267E-5	4.306946577282438E-5	3.35850412116816E-5	7.284395066236684E-5	6.054379627317797E-6
82	82	2.1657678803526178E-5	1.3892823381352813E-5	3.136043620170006E-6	9.5401205693235E-6	7.511243886317033E-5	0.37692362534029306	1.0631996240870984E-5	0.5747251203639423	0.048135065601632526	9.516891603553719E-6	9.537129310064752E-6	9.481459224195772E-6	1.4863501997965086E-5	1.1590376574081978E-5	2.513883529274986E-5	2.0893986510475344E-6
83	83	6.374419249816447E-5	4.0890199545288655E-5	9.230193596472127E-6	2.8079060897682344E-5	2.2107548114163496E-4	0.6137349897046779	3.129273553117323E-5	0.3855688011198189	5.990951201220753E-5	2.8010691998180466E-5	2.807025684219092E-5	2.790640527239833E-5	4.3747159663337435E-5	3.411349859635961E-5	7.399014320130168E-5	6.149644706896957E-6
84	84	1.2777464995184567E-5	0.14194031167319165	1.8501838513539163E-6	5.628422035907397E-6	4.431437768487172E-5	0.14825499253967467	6.272600172394495E-6	1.2761347943876107E-5	1.2008806804425575E-5	5.614717552629651E-6	0.45576541902474993	5.59381337397554E-6	8.769078081162301E-6	6.838019544930532E-6	0.2539156152396949	1.2326906482886354E-6
85	85	1.4439815805158274E-5	9.262756755246948E-6	2.0908931489381846E-6	6.360680894279591E-6	5.007968728780858E-5	0.855470106584893	7.088666738113979E-6	1.4421601922177249E-5	1.3571155026524244E-5	6.345193454923654E-6	6.358686533151898E-6	6.321569638349925E-6	9.90993693355881E-6	7.727647286694273E-6	0.1443745220597284	1.3930639538231755E-6
86	86	6.8367445375290434E-6	4.385589297217541E-6	9.899643116952729E-7	3.011558523024712E-6	2.371096924822132E-5	7.909969240949739E-6	3.3562341967583957E-6	6.828120905021679E-6	6.4254642335815075E-6	3.0042257656096767E-6	3.0106142632273853E-6	0.9999135845517334	4.692006332488178E-6	3.6587689959580564E-6	7.935651665476145E-6	6.595667496899082E-7
87	87	1.6875996942737978E-5	1.0825501986461085E-5	2.44365349705275E-6	7.433808905460458E-6	5.85287694085699E-5	1.9525172542963716E-5	8.284615248192127E-6	0.12915501452270078	1.5860782009091282E-5	0.04791350725190485	0.8227424818967702	7.3880990817063425E-6	1.1581869717044603E-5	9.031399966904257E-6	1.9588567703542056E-5	1.6280916143930485E-6
88	88	4.6805244354701915E-5	0.09245896284357454	6.7774247314611905E-6	2.0617522241017042E-5	1.6232838647952874E-4	5.415268058189541E-5	2.2977216835961977E-5	4.6746205842363665E-5	4.3989565778609044E-5	2.0567321227841772E-5	0.9069795703591247	2.049074694723848E-5	3.2122087010916784E-5	2.504840951028393E-5	5.4328505808211984E-5	4.515479950729623E-6
89	89	1.5141424906958124E-5	9.712820283406204E-6	2.1924865268580006E-6	6.669736887049026E-6	5.251298456046944E-5	0.16073335155427623	7.433094476680421E-6	1.5122326038583168E-5	1.423055719737083E-5	6.653496936126299E-6	0.8390928202851952	6.628725273558479E-6	1.0391445980811586E-5	8.103122136581681E-6	1.7575188471794466E-5	1.4607508525052542E-6
90	90	7.106590951264711E-6	4.558688575313341E-6	1.0290382185482878E-6	3.1304247849908225E-6	2.4646841574985444E-5	0.9999152847324067	3.4887048129531016E-6	7.097626943847517E-6	6.679077407293193E-6	3.122802603526025E-6	3.129443255244539E-6	3.1111760839524705E-6	4.8771998957545605E-6	3.8031806654049545E-6	8.248871960724763E-6	6.855998596073717E-7
91	91	2.5959987199463032E-5	1.6652639482565397E-5	3.759020205956517E-6	1.143527014633947E-5	9.003356126469458E-5	0.06090679665658106	1.274404744948069E-5	0.7882197866489189	2.439830365735307E-5	1.1407426735256003E-5	0.15060131539246516	1.1364955696557755E-5	1.781614387704115E-5	1.3892810500594174E-5	3.0132677113252907E-5	2.5044587062090027E-6
92	92	0.5874207098919703	2.6734077867509957E-6	6.034715337277175E-7	1.8358134927998544E-6	1.4453950318563985E-5	4.821831669265621E-6	0.26644842850233	4.162348628482785E-6	3.916893478020255E-6	0.14608440403122647	1.8352378822435967E-6	1.8245252404021273E-6	2.8601962962462662E-6	2.2303459947613507E-6	4.837487397392078E-6	4.020647545865214E-7
93	93	7.737771542953382E-6	4.963574092437215E-6	1.120433510061158E-6	3.408457301787889E-6	2.6835881039229233E-5	8.952438483298741E-6	3.7985584098700563E-6	7.728011386222925E-6	7.272287859221556E-6	0.9999022083616742	3.4073885962733273E-6	3.387499003757964E-6	5.310374386462858E-6	4.140964820867288E-6	8.9815056412953E-6	7.464922520380406E-7
94	94	6.877366700090969E-6	4.411647331181438E-6	9.958464228344915E-7	3.029452422557673E-6	2.3851853676769854E-5	0.9999180172371913	3.376176069734374E-6	6.868691828196253E-6	6.463642675265205E-6	3.0220760958002255E-6	3.0285025522135754E-6	3.010824591513365E-6	4.719885016989795E-6	3.680508452232089E-6	7.982803249131237E-6	6.634857242221976E-7
95	95	5.0699183274626244E-6	3.252217401518301E-6	7.341269195955334E-7	2.2332786703227604E-6	1.7583321549251216E-5	5.8657885787920365E-6	0.35479748665327426	5.0635233082749996E-6	4.7649255726124284E-6	2.2278409241841927E-6	2.2325784364576406E-6	0.6451409192021199	3.4794467991413454E-6	2.7132299425164785E-6	5.884833870609707E-6	4.891143049271224E-7
96	96	5.448345251999655E-6	3.4949681816474026E-6	7.88923343217888E-7	2.3999742114060346E-6	1.8895769180011965E-5	6.3036205493452294E-6	2.6746534918966614E-6	0.9999341899709906	5.120587343399576E-6	2.394130583078698E-6	2.399221710949834E-6	2.3852169853846327E-6	3.7391583499481726E-6	2.9157498247691307E-6	6.324087412624994E-6	5.25622589717042E-7
97	97	1.8370004774579868E-4	1.1783868168101836E-4	2.6599866402319233E-5	8.091913357769752E-5	6.371023751271644E-4	0.997810173850102	9.018040367110623E-5	1.834683348750531E-4	1.726491431731122E-4	8.07221059017538E-5	8.089376176968258E-5	8.042156908805139E-5	1.2607196050259126E-4	9.83093686708471E-5	2.1322715538657085E-4	1.7722242325200037E-5
98	98	6.476323576749571E-5	4.154388862652437E-5	9.377751613767271E-6	2.852794536692633E-5	0.9993776593615882	7.492969790712921E-5	3.1792995245388337E-5	6.468154566745161E-5	6.0867252358306E-5	2.8458483491513418E-5	2.851900056585261E-5	2.83525295913296E-5	4.4446521391208834E-5	3.46588522948783E-5	7.51729828369016E-5	6.247955687109347E-6
99	99	1.3479972512109496E-4	8.647042880040174E-5	1.95190732027041E-5	5.937873776932789E-5	0.7491453611239887	1.5596043899889707E-4	6.617468952972837E-5	1.346296934217742E-4	1.2669053344141205E-4	5.923415818492182E-5	5.936011984958205E-5	5.901362324019544E-5	0.24965179644233282	7.213975192862549E-5	1.564668179849187E-4	1.3004642204950308E-5
100	100	7.22732921105696E-5	4.636138949099127E-5	1.0465211839559316E-5	3.1836095037318176E-5	0.999305491669476	8.361867470674853E-5	3.5479765722162174E-5	7.218212908585254E-5	6.792552375629564E-5	3.175857824321776E-5	3.182611298170884E-5	3.164033774631408E-5	4.9600616549455194E-5	3.8677952490169185E-5	8.389017137591842E-5	6.972479387680378E-6
101	101	4.848580361538611E-5	3.1102349990611384E-5	7.020770622569715E-6	2.1357801848830324E-5	0.8978022167969204	5.6097052203013446E-5	2.3802222133355445E-5	4.842464530386692E-5	0.10177742915484793	2.1305798350084246E-5	2.1351105212025516E-5	2.1226474642185527E-5	3.327544218602499E-5	2.5947781731245082E-5	5.627919049779964E-5	4.6776098947616355E-6
102	102	5.909492756612268E-5	3.790782007886784E-5	8.55697751635204E-6	2.6031078359351192E-5	0.9994321288225866	6.837158486444287E-5	2.9010359486689946E-5	5.902038727350503E-5	5.553993444948112E-5	2.5967696033754156E-5	2.6022916439007336E-5	2.5871015594883102E-5	4.05564041242341E-5	3.162538655795112E-5	6.859357663388508E-5	5.701112435017982E-6
103	103	5.3619769644108566E-5	3.4395652284451555E-5	7.764171683994785E-6	2.361929327444186E-5	0.9994847422109728	6.203694262137809E-5	2.632254335583333E-5	5.355213552585212E-5	5.039414741473151E-5	2.3561783335129076E-5	2.3611887557797204E-5	2.3474060359996287E-5	3.679884444060903E-5	2.8695287598852152E-5	6.223836680498607E-5	5.172903125040315E-6
104	104	5.0291539569172406E-5	3.226068144925446E-5	7.282242166632929E-6	2.215322128743973E-5	0.9995167247517627	5.8186250618037006E-5	2.4688678066460136E-5	5.022810356493187E-5	4.726613477798002E-5	2.209928104473137E-5	2.2146275250667383E-5	2.2017003118058088E-5	3.451470518370737E-5	2.691414381868793E-5	5.8375172211086445E-5	4.851816110497684E-6
105	105	5.701567177079365E-5	3.65740329361544E-5	8.255900151099883E-6	2.5115174528573447E-5	0.9994521093773527	6.5965929761369E-5	2.79896296106818E-5	5.6943754179341625E-5	5.3585761133216996E-5	2.505402231092724E-5	2.5107299785503088E-5	2.4960743574555825E-5	3.912942651742234E-5	3.0512646920415165E-5	6.618011074751494E-5	5.500518719811719E-6
106	106	4.498611125576667E-5	2.8857390672378882E-5	6.5140132735247505E-6	1.9816201413751672E-5	0.9995677071278668	5.2047981952484295E-5	2.2084184094781307E-5	4.492936733484413E-5	4.227986687159719E-5	1.9767951513660546E-5	1.9809988138403485E-5	1.9694353369819132E-5	3.087362965332654E-5	2.4074877773743295E-5	5.2216973553782346E-5	4.339981261443846E-6
107	107	1.0114436974188326E-4	6.488141585207396E-5	1.4645759516643383E-5	4.4553688832466095E-5	0.9990280557959935	1.170219026265826E-4	4.965289995462869E-5	1.0101678974089667E-4	9.505979441488729E-5	4.444520633423282E-5	4.453971923603772E-5	4.427973219865596E-5	6.941461988514821E-5	5.412866929514822E-5	1.1740185431673389E-4	9.757782060436515E-6
108	108	4.523728163348176E-5	2.901850977142357E-5	6.5503828802473715E-6	1.9926840956824697E-5	0.9995652935126209	5.233858078224284E-5	2.2207486436454697E-5	4.5180220894953666E-5	4.2515927509768515E-5	1.9878321663685534E-5	1.9920592990975987E-5	1.9804312600272015E-5	3.104600599360129E-5	2.4209294729889963E-5	5.2508515912179927E-5	4.36421262313047E-6
109	109	6.978338399478578E-5	4.47641798360605E-5	1.0104671795903205E-5	3.0739300507922574E-5	0.8012345032616468	8.073790352968779E-5	3.425744203884956E-5	6.969536165383272E-5	6.558540186713469E-5	3.066445426734343E-5	3.0729662347001685E-5	3.055028730803929E-5	0.19814280692678854	3.73454471483641E-5	8.100004678848668E-5	6.732268481167904E-6
110	110	1.6842542868840057E-4	1.080404209021519E-4	2.4388093290341907E-5	7.41907252020807E-5	0.9983815202008895	1.948646688502017E-4	8.268192269942647E-5	1.6821298269251302E-4	1.582934044298936E-4	7.401008033458332E-5	7.416746305438966E-5	7.373453309164239E-5	1.155891043785625E-4	9.013496602562602E-5	1.9549736374422223E-4	1.6248641726386265E-5
111	111	7.782711770356917E-5	4.992402049842027E-5	1.1269408793280297E-5	3.428253291548931E-5	0.9992521223261408	9.004433378601896E-5	3.820620069069678E-5	7.772894927581838E-5	7.314524602491006E-5	3.419905936001287E-5	3.427178379096288E-5	3.407173269754712E-5	5.341216526373655E-5	4.165015143325992E-5	9.033669355835763E-5	7.508278067097364E-6
112	112	4.131575985249203E-5	2.6502958128809488E-5	5.982544402532564E-6	1.8199426355044792E-5	0.9996029772747091	4.780146278769595E-5	2.0282367626991694E-5	4.1263645585566506E-5	3.883031401249027E-5	1.815511309414216E-5	1.819372001179757E-5	1.8087519715838065E-5	2.835469510310483E-5	2.211064350334507E-5	4.7956666609973946E-5	3.985888501068072E-6
113	113	4.400871516029607E-5	2.8230417142519988E-5	6.372485789560005E-6	1.938566235740287E-5	0.9995770993903569	5.091715528359854E-5	2.1604369443028624E-5	4.3953204092918846E-5	4.136126831653718E-5	1.9338460764503446E-5	1.9379584075520356E-5	1.9266461659485713E-5	3.0202850067498295E-5	2.355181207906242E-5	5.10824752687763E-5	4.245688142502452E-6
114	114	6.918748447892044E-5	4.438192618819484E-5	1.0018385223277166E-5	3.047680916339163E-5	0.9993351446580696	8.004846035752924E-5	3.3964908315818E-5	6.910021378495491E-5	6.502535007567415E-5	3.0402602055453707E-5	3.0467253305378658E-5	3.028940999922652E-5	4.748284999125481E-5	3.702654410008046E-5	8.030836510291614E-5	6.6747797883165624E-6
115	115	5.397698244344128E-5	3.4624794769004426E-5	7.815896290798357E-6	2.3776644078535644E-5	0.9994813095838203	6.245023029648208E-5	2.649790310579315E-5	5.39088977493455E-5	5.0729871245465646E-5	2.371875101026599E-5	2.3769189025297577E-5	2.3630443628118377E-5	3.704399689691548E-5	2.888645447776413E-5	6.265299636008987E-5	5.207364802481998E-6
116	116	7.494745709060556E-5	4.807679501054259E-5	1.0852432376949427E-5	3.3014053975727214E-5	0.9992797943502922	8.671262718971704E-5	3.679254315658336E-5	7.485292096690472E-5	7.043881810854118E-5	3.293366900321546E-5	3.3003702576716466E-5	3.2811053520936016E-5	5.143587585329071E-5	4.010906518793404E-5	8.699416943538814E-5	7.2304662547243185E-6
117	117	6.227437067254894E-5	3.994734804164509E-5	9.017362600093248E-6	2.743161028402229E-5	0.3768320879668833	7.205013348317932E-5	3.057118359264554E-5	6.219581994063852E-5	5.852811074463239E-5	0.622596852897281	2.7423009233579774E-5	2.7262935774451136E-5	4.2738432004206574E-5	3.332690513866576E-5	7.228406892071802E-5	6.007845404784244E-6
118	118	2.5236021780989965E-4	1.618823497346279E-4	3.654189621274629E-5	1.1116366285823757E-4	0.8418406191836076	2.9197544965416263E-4	1.2388644745545816E-4	2.5204189938130765E-4	2.3717890066174798E-4	0.15584522482660917	1.11128808022458E-4	1.104801274725782E-4	1.7319291857877394E-4	1.3505371389374669E-4	2.9292344796122134E-4	2.434615008623257E-5
119	119	5.909492756612268E-5	3.790782007886784E-5	8.55697751635204E-6	2.6031078359351192E-5	0.9994321288225866	6.837158486444287E-5	2.9010359486689946E-5	5.902038727350503E-5	5.553993444948112E-5	2.5967696033754156E-5	2.6022916439007336E-5	2.5871015594883102E-5	4.05564041242341E-5	3.162538655795112E-5	6.859357663388508E-5	5.701112435017982E-6
120	120	6.58153901317398E-5	4.2218817592133686E-5	9.530104135538187E-6	2.8991415140556653E-5	0.9912444650531413	0.008199230676623585	3.230950956564125E-5	6.573237288066227E-5	6.185611192422164E-5	2.8920824775893657E-5	2.898232502074808E-5	2.8813149530919605E-5	4.51686070143719E-5	3.522192580826272E-5	7.63942556937589E-5	6.349461020588919E-6
121	121	6.635439241240188E-5	4.256457318096279E-5	9.60815195769225E-6	2.9228843481391566E-5	0.9993623691829788	7.677063258731979E-5	3.2574111800894975E-5	6.62706952825365E-5	6.236268926628872E-5	2.9157675009275738E-5	2.9219678917060235E-5	2.9049117946196595E-5	4.553852022382555E-5	3.551037959243028E-5	7.701989474210303E-5	6.401460620746603E-6
122	122	5.030601979864882E-4	3.2269970130302056E-4	7.284338911703352E-5	2.2159599770393961E-4	0.31218880891960316	5.820300393814888E-4	2.4695786572720516E-4	5.02425655295489E-4	4.72797439154992E-4	2.2105643996900518E-4	2.2152651733678733E-4	2.202334238029312E-4	3.452464285623942E-4	0.6832462660550571	5.839197992659054E-4	4.85321307331209E-5
123	123	3.2272285791162803E-4	2.0701810691557974E-4	4.673044460664975E-5	1.4215812335587473E-4	0.5189246207744966	3.733835402828998E-4	1.5842825278214595E-4	3.223157864885144E-4	3.0330871213447966E-4	1.4181198662129843E-4	1.4211355035497765E-4	1.4128400581445667E-4	0.478195664541624	1.7270915716280347E-4	3.745958578407323E-4	3.113430160728838E-5
124	124	9.196048511696746E-5	5.899019878277736E-5	1.3315928049124557E-5	4.050822452341983E-5	0.9991163080976712	1.0639634180640743E-4	4.5144428493097924E-5	9.184448934961146E-5	8.642838777700473E-5	4.040959221012655E-5	4.0495523363011984E-5	4.0259143086554055E-5	6.311178897192533E-5	4.9213799046062936E-5	1.067417939738043E-4	8.871777778964254E-6
125	125	1.8796164066699518E-4	1.2057237989099305E-4	2.7216947365312556E-5	8.279634815154053E-5	6.518822894779569E-4	2.174676540849269E-4	9.227246719875013E-5	1.8772455237070214E-4	1.7665437003846018E-4	8.25947496997076E-5	8.277038775185803E-5	8.22872408379652E-5	0.9976709018475447	1.0059001320391071E-4	2.1817373731266651E-4	1.8133374403648446E-5
126	126	1.0114436974188326E-4	6.488141585207396E-5	1.4645759516643383E-5	4.4553688832466095E-5	3.507855277341249E-4	1.170219026265826E-4	4.965289995462869E-5	1.0101678974089667E-4	9.505979441488729E-5	4.444520633423282E-5	4.453971923603772E-5	4.427973219865596E-5	0.9987466848881446	5.412866929514822E-5	1.1740185431673389E-4	9.757782060436515E-6
127	127	1.6499559178632535E-4	1.0584027199701535E-4	2.3891451049381834E-5	7.267989581561915E-5	0.3060341445290578	1.9089641989077885E-4	8.0998177484601E-5	1.647874720677824E-4	0.6925354044981594	7.25029296232336E-5	7.265710738126934E-5	7.223299365947695E-5	1.132352331207438E-4	8.82994460863303E-5	1.915162305053164E-4	1.5917752314759094E-5
128	128	6.04169029998592E-5	3.8755832064916795E-5	8.748400275115823E-6	2.661340323091022E-5	0.9994194253338611	6.990108256042178E-5	2.9659331981365692E-5	6.0340695213266636E-5	5.6782383369507234E-5	2.654860301919633E-5	2.660505872538298E-5	2.6449759803072232E-5	4.1463665917100114E-5	3.2332858177494983E-5	7.012804036802971E-5	5.8286484333594725E-6
129	129	9.196048511696746E-5	5.899019878277736E-5	1.3315928049124557E-5	4.050822452341983E-5	0.30676812852336954	1.0639634180640743E-4	4.5144428493097924E-5	9.184448934961146E-5	8.642838777700473E-5	4.040959221012655E-5	4.0495523363011984E-5	4.0259143086554055E-5	0.6924112913632735	4.9213799046062936E-5	1.067417939738043E-4	8.871777778964254E-6
130	130	1.1724411122262345E-4	7.520897066099219E-5	1.6977010802392496E-5	5.1645560323153874E-5	0.4489931211373528	1.3564896397147294E-4	5.7556442732922876E-5	1.1709622356596372E-4	0.549990415627868	5.151981003056687E-5	5.16293671042771E-5	5.132799640806321E-5	8.046375131961857E-5	6.274464648272963E-5	1.3608939479656986E-4	1.1310985357855245E-5
131	131	1.2073840930838571E-4	7.745046969640083E-5	1.7482987057661496E-5	5.318478460225347E-5	0.7008036400788946	1.3969179316091618E-4	5.9271832662256306E-5	1.2058611406527932E-4	1.1347510885801637E-4	5.305528649664551E-5	5.316810876695244E-5	0.29808898505699954	8.286186180275846E-5	6.461466362738708E-5	1.4014535041575866E-4	1.1648093585056441E-5
132	132	1.189656068706987E-4	7.631326421005817E-5	1.7226284304565673E-5	0.23498045340902238	0.763928753542137	1.3764069812944186E-4	5.8401544159767924E-5	1.1881554777911835E-4	1.1180895348332967E-4	5.227627556075352E-5	5.238744126131623E-5	5.208164553823677E-5	8.16452008293642E-5	6.366592632129603E-5	1.3808759580170727E-4	1.1477064590883994E-5
133	133	1.5853859160386513E-4	1.0169827857647958E-4	2.295647392596342E-5	6.983561315653822E-5	0.9984765275060395	1.8342580685972262E-4	7.782836402998265E-5	1.5833861652146707E-4	1.4900133307616564E-4	6.966557242636746E-5	6.981371653343719E-5	6.940620023918422E-5	1.0880384248172332E-4	8.484390201198357E-5	1.8402136157016094E-4	1.5294820947393473E-5
134	134	8.893234667472882E-5	5.704772872705481E-5	1.287745196270167E-5	3.917434169591863E-5	0.9991454069156812	1.0289284949307577E-4	4.365788153546752E-5	8.882017049620839E-5	8.358241406127921E-5	3.9078957215639185E-5	3.9162058768103226E-5	3.893346218483938E-5	6.103360034448106E-5	4.759325304099957E-5	1.0322692637263334E-4	8.579641745652665E-6
135	135	9.99544551747669E-4	6.411811739013745E-4	1.4473459242888052E-4	4.4029536242501735E-4	0.003466587057424546	0.0011564519656808033	4.906875761327681E-4	9.982837609075704E-4	9.3941461932219E-4	4.392232998836642E-4	4.401573099161557E-4	4.3758802575923105E-4	0.9876142953396707	5.349187169329169E-4	0.001160206783104524	9.642986476202901E-5
136	136	5.782956537485971E-5	3.709612397809291E-5	8.373752385759167E-6	2.547369139383083E-5	0.9994442882878233	6.690758749601579E-5	2.8389179064591444E-5	5.7756621166235873E-5	5.435069307036341E-5	2.5411666233758955E-5	2.5465704239508974E-5	2.5317055951786652E-5	3.9687995573686914E-5	3.094821222027669E-5	6.712482589654135E-5	5.579038131511323E-6
137	137	1.9710686668165727E-4	1.2643879849276712E-4	2.8541181045129822E-5	8.682478349796304E-5	0.9981059066646022	2.2804848770836012E-4	9.676196071704778E-5	1.9685824291436422E-4	1.852494436649012E-4	8.661337632452247E-5	8.679756000160993E-5	8.629090569700612E-5	1.352729594576153E-4	1.0548419481619721E-4	2.287889252366896E-4	1.9015649141948135E-5
138	138	4.998130088316555E-5	3.206167160568552E-5	7.237319436879299E-6	2.201656239169085E-5	0.9995197059823887	5.782731100135304E-5	2.4536378432998924E-5	4.991825620324656E-5	4.697455922328906E-5	2.1962954895805593E-5	2.2009659203662833E-5	2.1881184525593637E-5	3.4301790707916077E-5	2.674811572161954E-5	5.801506717399006E-5	4.821886204438686E-6
139	139	0.0019732948161053747	0.0012658160003290635	2.857341580739601E-4	8.692284448045865E-4	0.006843715228133945	0.0022830604848605956	9.687124487018751E-4	0.0019708057704449188	0.0018545866667382435	8.671119854114619E-4	8.689559023755264E-4	8.638836371132163E-4	0.0013542573840822235	0.9752499925935796	0.002290473222736756	1.9037125650872515E-4
140	140	4.4749172895807826E-4	2.8705401033182656E-4	6.479704470681045E-5	1.9711831017366573E-4	0.553856344729751	5.177384926711224E-4	2.196786840946463E-4	4.469272784071711E-4	4.205718209097947E-4	1.9663835245758144E-4	0.44204055158397887	1.9590624737633866E-4	3.0711020639747976E-4	2.394807725916916E-4	5.194195080274912E-4	4.317122916642886E-5
141	141	2.4473741427264415E-4	1.5699252455185717E-4	3.5438110132174846E-5	1.0780584850142651E-4	0.9976482021499282	2.8315602672874705E-4	1.2014432812271585E-4	2.4442871098412654E-4	2.3001466463985382E-4	1.0754335513497218E-4	1.0777204649230787E-4	1.0714296001487376E-4	1.6796144586953582E-4	1.3097427563314E-4	2.840753897583794E-4	2.361074923499505E-5
142	142	1.444100929783136E-4	9.263522348968442E-5	2.091065967323622E-5	6.36120662301087E-5	0.6243204986919587	1.6707943192418865E-4	7.089252636987485E-5	1.4422793909420057E-4	1.3572276721863578E-4	6.345717903573133E-5	6.359212097043443E-5	6.322092134422422E-5	9.910756018599819E-5	0.3743690791160513	1.6762191252930826E-4	1.3931790946009017E-5
143	143	1.225648469244145E-4	7.86220807192966E-5	1.7747456213629077E-5	5.3989323039974945E-5	0.9988222162747453	1.418049429625501E-4	6.016845127240218E-5	1.224102478762278E-4	1.1519167286186935E-4	5.385786598681548E-5	5.3972394945487736E-5	5.3657347538297936E-5	8.411533219546659E-5	6.559210446723348E-5	1.4226536128203647E-4	1.1824296968889601E-5
144	144	1.796274140246633E-4	1.1522619575868288E-4	2.6010146833831755E-5	7.912515477291451E-5	0.998273875012643	2.0782512963106228E-4	8.818110232370116E-5	1.79400838232882E-4	1.6882150822668617E-4	7.89324952044748E-5	7.910034545838913E-5	7.863862129792427E-5	1.2327694262462643E-4	9.612984800732251E-5	2.0849990510032814E-4	1.7329339859504335E-5
145	145	4.735233511362091E-5	3.037526017428321E-5	6.856643769647432E-6	2.0858513524053348E-5	0.9995449689609288	5.478565305165822E-5	2.3245789795465605E-5	4.7292606519968784E-5	4.4503745017669434E-5	2.0807725728119536E-5	2.0851973436719107E-5	2.073025639650505E-5	3.249755128213576E-5	2.5341191944338638E-5	5.496353343990865E-5	4.568259877149984E-6
146	146	9.409646935507752E-5	6.036037570868989E-5	1.3625219723614536E-5	4.144911700550922E-5	0.9990957824124018	1.0886763052135926E-4	4.619300699479998E-5	9.397777933126512E-5	8.84358769043417E-5	4.1348193740115217E-5	4.143612083275556E-5	4.119425010521887E-5	6.457769888216011E-5	5.0356897616347784E-5	1.0922110657405472E-4	9.077844302817186E-6
147	147	1.370803703972517E-4	8.793340192437304E-5	1.9849311873849116E-5	6.0383352857942587E-5	0.9986827297275105	1.5859909748392465E-4	6.729428374953508E-5	1.36907461971057E-4	1.2883398118485048E-4	6.023632716509002E-5	6.036441994593187E-5	6.0012061040797316E-5	9.407722673168519E-5	7.336026765528101E-5	1.5911404377853223E-4	1.3224664729374483E-5
148	148	4.048988219936517E-5	2.597317963899139E-5	5.862956871078927E-6	1.7835630564285473E-5	0.8596850452233465	4.6845939761032986E-5	1.9876935069646978E-5	4.0438809665875423E-5	0.13996392242025607	1.7792203099312706E-5	1.7830038287471636E-5	1.7725960872744415E-5	2.7787901484144742E-5	2.1668664790358484E-5	4.699804115051157E-5	3.906212942573197E-6
149	149	8.430556036344335E-5	5.407976869638503E-5	1.2207490799041127E-5	3.7136260899791387E-5	0.2292063920611686	9.753975531121497E-5	4.138654049679207E-5	8.419922025275017E-5	0.770062709800722	3.704583888394887E-5	3.712461700247954E-5	3.6907913364603945E-5	5.7858271713660646E-5	4.511717071647663E-5	9.785645153692667E-5	8.133278071817447E-6
150	150	7.708665428180128E-5	4.944903296017594E-5	1.1162189288786291E-5	3.395636175075261E-5	0.9992592377902334	8.918763322362685E-5	3.784269893281418E-5	7.698941984893642E-5	7.244932690628164E-5	3.3873682380083976E-5	3.3945714895637704E-5	3.374756713002759E-5	5.290399078905207E-5	4.125388321008239E-5	8.947721142414582E-5	7.436842744382172E-6
151	151	5.8667031998155684E-5	3.763333648321763E-5	8.495018006369674E-6	2.5842592079426324E-5	0.9994362406739755	6.787651871674958E-5	2.8800300776733928E-5	5.859303143817092E-5	5.513777993681979E-5	2.577966869366266E-5	2.583448925805568E-5	2.568368830017631E-5	4.0262742615671954E-5	3.139639291499845E-5	6.80969030843693E-5	5.659831722038071E-6
152	152	5.507776006621822E-5	3.533091425826823E-5	7.975289486738333E-6	2.4261532202354134E-5	0.3332842564628444	6.372380679030824E-5	2.7038287126332497E-5	5.500828688939662E-5	5.176442902445741E-5	2.4202458493908235E-5	2.425392511475976E-5	2.41123502183836E-5	0.6662242746791881	2.947554933359098E-5	6.39307079562388E-5	5.313561006655041E-6
153	153	4.736517204074741E-4	3.0383494720697237E-4	6.858502563647604E-5	2.086416813891939E-4	0.9954484560480968	5.480050510560898E-4	2.3252091586261904E-4	4.7305427255040503E-4	4.451580970952206E-4	2.081336657472613E-4	2.0857626278607654E-4	2.0735876241651798E-4	3.250636116863022E-4	2.5348061785783786E-4	5.49784337161398E-4	4.56949830433625E-5
154	154	5.030601979864882E-4	3.2269970130302056E-4	7.284338911703352E-5	0.43484335325850665	0.0017446965904583617	5.820300393814888E-4	2.4695786572720516E-4	5.02425655295489E-4	4.72797439154992E-4	2.2105643996900518E-4	2.2152651733678733E-4	2.202334238029312E-4	0.559144648621023	2.692189309385418E-4	5.839197992659054E-4	4.85321307331209E-5
155	155	3.127009017571739E-5	2.005892893099357E-5	4.5279259927768916E-6	1.3774349190246158E-5	1.0844988319740812E-4	3.6178834837822616E-5	1.5350836265324713E-5	3.123064716820595E-5	2.938896501134434E-5	0.99960480180477	1.3770030308818071E-5	1.3689651953362479E-5	2.1460427593360125E-5	1.673457824958863E-5	3.6296301817386255E-5	3.016744537768336E-6
156	156	1.470306824176884E-4	9.431626172866435E-5	2.129012244332302E-5	6.476642535793274E-5	5.09926906031626E-4	1.7011139863653627E-4	7.217900297344156E-5	1.4684522301292095E-4	1.3818570899175195E-4	0.9981417942830224	6.4746118154465E-5	6.436818242137829E-5	1.0090605099941129E-4	7.868530107149821E-5	1.7066372356012088E-4	1.4184609176866132E-5
157	157	5.060565367229489E-5	3.2462177269552724E-5	7.32772605888376E-6	2.2291587288870388E-5	1.755088392469901E-4	5.854967401059006E-5	2.4842880185436018E-5	5.054182145541604E-5	4.75613526150365E-5	0.999360434751312	2.228459786809887E-5	2.215451831936469E-5	3.473027932910424E-5	2.708224589349693E-5	5.8739775582166105E-5	4.882119892786313E-6
158	158	2.2440248140703304E-4	1.439482074144359E-4	3.249360084019097E-5	9.884839220765954E-5	0.19465208227354264	2.596289382730043E-4	1.1016168262562128E-4	2.2411942789775355E-4	2.10903027061029E-4	9.860770909445309E-5	9.881739876619777E-5	9.82405823158999E-5	0.8033455336220635	1.2009178302351023E-4	2.604719125512793E-4	2.164896091575779E-5
159	159	1.2444739115978143E-4	7.982968264223573E-5	1.8020049638463187E-5	5.4818576218277746E-5	0.4151401902365345	1.4398300693945298E-4	6.109261324817383E-5	1.2429041753557018E-4	1.1696096826059095E-4	5.4685100040354265E-5	5.480138811541544E-5	0.5837184172798038	8.540730813884784E-5	6.659957146326804E-5	1.444504970896882E-4	1.2005913171696735E-5
160	160	2.98910908408478E-4	1.9174337633092015E-4	4.328246142245894E-5	1.3166905519157508E-4	0.997127623359725	3.458336169088374E-4	1.4673870101152494E-4	2.9853387255282955E-4	2.80929225958792E-4	1.3134845798803244E-4	1.3162777098792475E-4	1.3085943398887548E-4	2.0514030726227276E-4	1.599658957907862E-4	3.469564842038168E-4	2.8837072267891533E-5
161	161	2.126246655459017E-4	1.3639305263256E-4	3.078816672484042E-5	9.366031160226292E-5	7.374177693049134E-4	2.4600225371930733E-4	1.0437982136998057E-4	2.1235646816517408E-4	0.7874782845294471	9.3432260797623E-5	9.363094485870641E-5	9.308440275250082E-5	0.21008684292039467	1.1378873816403608E-4	2.468009842986583E-4	2.051271022168399E-5
162	162	9.749321025125527E-5	6.25392944086538E-5	1.4117069644996435E-5	4.294536773423513E-5	3.381226982357565E-4	1.1279758809996328E-4	4.78605050109537E-5	9.737023569625252E-5	9.162827893418587E-5	4.284080129088461E-5	4.293190241920877E-5	4.2681300522506606E-5	0.9987919276770123	5.217470581585229E-5	1.1316382410605807E-4	9.405540816871879E-6
163	163	3.4801967061238035E-6	2.232453376428862E-6	5.039343678602926E-7	0.47377722005013967	1.2069902074545972E-5	4.026514190603826E-6	1.7084674046867616E-6	3.4758069066684916E-6	3.270837361009363E-6	1.5292799894064558E-6	0.5261803327322727	1.5235863206134929E-6	2.388432812400959E-6	1.8624706157008475E-6	4.039587648117331E-6	3.357478134716468E-7
164	164	7.857841011723973E-6	5.040595454618056E-6	1.1378196341666605E-6	0.9620772344553975	2.7252301963843554E-5	9.091356326365583E-6	3.857501852156423E-6	7.847929403528811E-6	7.385134269219114E-6	3.4529194852756028E-6	0.03782692513230428	3.4400639061441727E-6	5.392777159408024E-6	4.205221492633727E-6	9.120874528722905E-6	7.580758103850423E-7
165	165	1.604375582398165E-6	1.0291641503143792E-6	2.3231445323296236E-7	7.06721003363716E-7	5.5642418534171325E-6	1.8562287120774837E-6	7.87605879454877E-7	1.6023518786674722E-6	1.5078606294768427E-6	7.05000228675741E-7	7.064994143670882E-7	7.023754393442591E-7	1.1010708899505403E-6	8.586015766024399E-7	1.8622555944014856E-6	0.9999791733327141
166	166	9.354821553377868E-6	6.000868550326415E-6	1.3545832273365797E-6	0.9998817817657502	3.2444079920954386E-5	1.0823331241295228E-5	4.592386307499341E-6	9.34302170583267E-6	8.792060456962998E-6	4.110727816297194E-6	4.11946929477131E-6	4.095423148187922E-6	6.420143640998139E-6	5.006349275497369E-6	1.0858472893463712E-5	9.02495217134523E-7
167	167	1.157291491329524E-5	7.423716288176617E-6	1.6757643471331198E-6	0.1999748285378187	4.0136797289284354E-5	1.3389618478472363E-5	5.681273093497053E-6	1.1558317239694387E-5	1.0876719240490518E-5	5.085410018595761E-6	5.096224162512896E-6	5.0664765070590426E-6	7.942404423692783E-6	0.7998851162505981	1.3433092461181486E-5	1.1164831202774162E-6
168	168	1.5249586120866564E-6	9.782202817664585E-7	2.2081483292101615E-7	6.717381467568102E-7	5.288810567297487E-6	1.7643449523545424E-6	7.486192023749747E-7	1.5230350821686687E-6	1.4332211721335335E-6	6.701025508223685E-7	6.71527526467859E-7	6.676076891828181E-7	1.046567620804945E-6	8.161005957432536E-7	1.7700735025798466E-6	0.9999802042576644
169	169	4.898275498372219E-6	3.142113104060511E-6	7.092729449844936E-7	0.9999380997834129	1.6988035617489427E-5	5.6672014455326454E-6	2.4046181106428066E-6	4.892096983497791E-6	4.603608318001399E-6	2.152417042714738E-6	2.1569941658148416E-6	2.144403369724547E-6	3.361649617076468E-6	2.621373144590623E-6	5.685601956200543E-6	4.7255526834629156E-7
