0	0	1.0252782515682405E-5	1.0344625760197587E-5	3.3754264244771354E-6	3.3699829423363298E-6	3.3789196206461417E-6	6.771405096571324E-6	0.1809463646825346	6.782827833775484E-6	3.374542403500047E-6	3.373601416956128E-6	6.783810949897056E-6	0.8189643522681658	3.384863610022931E-6	2.4710747651054642E-5	3.3795130745085385E-6
1	1	3.866318176671757E-7	3.9009522094458267E-7	0.5483103128479863	1.2708185592642027E-7	1.2741885753291533E-7	2.553492826599664E-7	2.755592257515192E-6	2.557800333992144E-7	0.45168343146149265	1.2721830838869527E-7	2.558171066495716E-7	3.8778071734915265E-7	1.2764300501809092E-7	9.318408213212992E-7	1.274412366427003E-7
2	2	0.9962128894728953	2.4125249985926695E-4	7.872010857361186E-5	7.859315824163739E-5	7.880157525281394E-5	1.5791952700630228E-4	0.001704182684188336	1.5818592271453003E-4	7.869949185188653E-5	7.86775466059862E-5	1.582088504866389E-4	2.3982110632161049E-4	7.894019817930054E-5	5.762924423178528E-4	7.881541550486106E-5
3	3	6.909430013489548E-5	6.971323891489868E-5	2.2747261643300102E-5	2.2710577593068813E-5	2.277080256442685E-5	4.563302648445184E-5	4.924471028766887E-4	0.9988822778593347	2.2741304157064238E-5	2.2734962775435496E-5	4.571663049651457E-5	6.9299618000172E-5	2.2810859571914362E-5	1.6652765355629838E-4	2.2774801896239646E-5
4	4	7.728751702318683E-6	7.797984969610507E-6	2.5444636794280786E-6	2.540360274152687E-6	2.5470969202869815E-6	5.104420052523833E-6	0.9999249449407098	5.113030739376574E-6	2.543797286805285E-6	2.5430879524034238E-6	5.113771831893318E-6	7.751718152484243E-6	2.5515776178872825E-6	1.8627453833291856E-5	2.5475442776304375E-6
5	5	3.5468474409593376E-5	3.5786196916902786E-5	1.1676949703644829E-5	1.165811852228358E-5	1.1689034065986327E-5	2.3424997849839285E-5	0.8779891361415734	2.3464513665335572E-5	1.167389152159957E-5	1.1670636272880336E-5	0.1216898921336343	3.557387111288402E-5	1.1709596702010166E-5	8.548435698921252E-5	1.1691087060195411E-5
6	6	9.57899940203822E-6	9.664806975050377E-6	3.1536031952530354E-6	3.1485174429616915E-6	3.156866828706972E-6	6.326408004051776E-6	0.999906976909629	6.337080072115341E-6	3.1527772695691576E-6	3.151898121930188E-6	6.337998580698379E-6	9.607463974439587E-6	3.1624201963512086E-6	2.3086829025321935E-5	3.157421282503718E-6
7	7	3.959796862273327E-5	3.995268266342997E-5	1.3036463949210593E-5	1.3015440306635485E-5	1.3049955259699408E-5	2.615230413165562E-5	0.9996154582269923	2.6196420661846734E-5	1.3033049711674681E-5	1.3029415463549011E-5	2.62002176214794E-5	3.971563636625239E-5	1.3072911945308993E-5	9.54370590260799E-5	1.3052247278220847E-5
8	8	1.6721978943484514E-5	1.6871772504260337E-5	5.505218657379381E-6	5.496340502244562E-6	5.510915954936823E-6	1.1043957410534515E-5	0.7662968296118411	1.1062587550275873E-5	5.5037768458377955E-6	5.502242125175434E-6	1.1064190983008284E-5	1.6771669308871702E-5	5.520610422272586E-6	0.23358108324309032	5.511883860281128E-6
9	9	3.067070880686053E-5	3.0945453482668655E-5	1.0097426801531066E-5	1.008114288490837E-5	1.0107876530893896E-5	2.0256334669399487E-5	0.8494038729745441	2.029050524173243E-5	1.0094782295034809E-5	1.0091967378768364E-5	2.029344618661661E-5	3.0761848661326786E-5	1.0125657690988507E-5	0.15037220022300543	1.0109651819755825E-5
10	10	3.921747035495101E-5	3.9568775936003504E-5	1.2911196110399469E-5	1.2890374484742412E-5	1.292455778241314E-5	0.06728914624570172	0.9323559080623846	2.594469833793425E-5	1.2907814680391656E-5	1.2904215353883549E-5	2.594845881244878E-5	3.933400742500026E-5	1.294729387642643E-5	9.452000098232942E-5	1.2926827776848306E-5
11	11	1.3136401228216975E-4	1.3254075596926858E-4	4.324772885841929E-5	4.3177984118032105E-5	4.3292485514843774E-5	8.675878386310797E-5	0.9987243045047669	8.690513794680067E-5	4.323640231927596E-5	4.32243459074947E-5	8.69177341447666E-5	1.3175436833937383E-4	4.33686430157274E-5	3.166070237976451E-4	4.3300089156133304E-5
12	12	1.569320600772073E-5	1.5833783939066646E-5	5.166525493172252E-6	5.1581935416747585E-6	5.171872280448949E-6	1.0364508852078296E-5	0.999847600938324	1.0381992824633332E-5	5.165172385048933E-6	5.163732083778363E-6	1.0383497610656223E-5	1.5739839312502155E-5	5.180970322824762E-6	3.782298638439333E-5	5.172780638126919E-6
13	13	3.1378120432707694E-5	3.16592020203567E-5	1.0330321227138408E-5	1.0313661726371057E-5	1.0341011976690395E-5	2.0723541564826006E-5	0.9996952823974431	2.0758500272193012E-5	1.0327615725813114E-5	1.0324735884262248E-5	2.0761509049177685E-5	3.147136240333414E-5	1.035920325444649E-5	7.562598880753043E-5	1.0342828212111077E-5
14	14	2.539910717948877E-4	2.562662945527927E-4	8.361907355455799E-5	8.348422276052966E-5	8.370561012524976E-5	1.6774728571534943E-4	0.9975334548595991	1.6803025994803974E-4	8.359717379855357E-5	8.357386284072637E-5	1.6805461457733529E-4	2.547458215290685E-4	8.385285993087462E-5	6.121566775794066E-4	8.372031169356455E-5
15	15	2.329424631171074E-6	2.3502913486356344E-6	7.668943959218875E-7	0.9999615420532048	7.676880475169691E-7	1.53845824735518E-6	1.660221478110685E-5	1.5410534848293062E-6	7.666935470074243E-7	7.664797555581614E-7	1.541276848087562E-6	2.3363466564562397E-6	7.690385175226025E-7	5.614263654278659E-6	7.678228797971248E-7
16	16	2.5068426051681713E-6	2.529298612402829E-6	8.253040341533624E-7	8.239730829769212E-7	8.26158133318275E-7	1.6556331675790042E-6	1.7866703561260183E-5	1.6584260683595708E-6	8.250878878100807E-7	8.248578131785767E-7	1.6586664438259982E-6	0.9999603032662435	8.276114603338058E-7	6.041867651290962E-6	8.263032349454852E-7
17	17	5.097261343345508E-5	5.1429220231852095E-5	1.6781230465463636E-5	1.6754167713428197E-5	1.6798597198611212E-5	3.3664638244390256E-5	0.9995049973565239	3.372142739084577E-5	1.6776835477131126E-5	1.6772157279453968E-5	3.37263150394376E-5	5.112408161762208E-5	1.682814826655713E-5	1.228516635110768E-4	1.6801547606880604E-5
18	18	2.9347447547258133E-5	2.961033860116048E-5	9.661782037261769E-6	9.646200676167123E-6	9.671780922070395E-6	1.938239259331804E-5	0.8918546603128218	1.9415088905800276E-5	9.659251625715822E-6	9.65655815658214E-6	1.9417902966155756E-5	2.9434655251366197E-5	9.688794929359633E-6	0.10793107401334844	9.673479617626627E-6
19	19	0.9995351856453591	2.961033860116048E-5	9.661782037261769E-6	9.646200676167123E-6	9.671780922070395E-6	1.938239259331804E-5	2.0916436657231533E-4	1.9415088905800276E-5	9.659251625715822E-6	9.65655815658214E-6	1.9417902966155756E-5	2.9434655251366197E-5	9.688794929359633E-6	7.07317617859946E-5	9.673479617626627E-6
20	20	9.556569758052413E-6	9.642176408897945E-6	3.1462188961239455E-6	3.1411450523429275E-6	3.1494748876381133E-6	6.311594444379808E-6	0.33959192185526155	6.322241523331545E-6	3.145394904381001E-6	3.1445178153044894E-6	6.323157881186761E-6	0.6603248578396614	3.1550152518303238E-6	2.303277021040135E-5	3.150028043157164E-6
21	21	2.708465864298541E-4	2.7327279894587405E-4	8.916825490215823E-5	8.902445505525092E-5	8.926053426697048E-5	1.7887943618571836E-4	0.997369768445671	1.7918118933172528E-4	8.914490182082539E-5	8.912004388661025E-5	1.7920716019818858E-4	2.7165142333875455E-4	8.941755595645001E-5	6.527810025405795E-4	8.927621146997248E-5
22	22	3.1378120432707694E-5	3.16592020203567E-5	1.0330321227138408E-5	1.0313661726371057E-5	1.0341011976690395E-5	2.0723541564826006E-5	0.9996952823974431	2.0758500272193012E-5	1.0327615725813114E-5	1.0324735884262248E-5	2.0761509049177685E-5	3.147136240333414E-5	1.035920325444649E-5	7.562598880753043E-5	1.0342828212111077E-5
23	23	0.9999913674485541	5.499244348872554E-7	1.7943901616298232E-7	1.7914963847939134E-7	1.79624715865777E-7	3.599705980135468E-7	3.88460927904834E-6	3.605778352831668E-7	1.7939202125494762E-7	1.7934199803464009E-7	3.6063009812864017E-7	5.46661636438509E-7	1.7994070071383056E-7	1.3136332094229615E-6	1.796562641100031E-7
24	24	2.2301414080863973E-6	2.2501187578773457E-6	7.342083212690135E-7	7.330242783121069E-7	7.349681463614851E-7	1.4728870795506065E-6	1.589460597000585E-5	0.9999639235302512	7.340160328064809E-7	7.338113534374573E-7	1.4755855477139608E-6	2.236768407307449E-6	7.362610575120072E-7	5.3749761566772805E-6	7.350972319078034E-7
25	25	2.7016261019335662E-5	2.725826957290534E-5	8.894307588769493E-6	8.879963918244427E-6	8.903512221692239E-6	1.7842770709006373E-5	0.9997376410640809	1.7872869821066036E-5	8.891978178053226E-6	8.889498662073313E-6	1.7875460349218964E-5	2.7096541462576476E-5	8.919174737526734E-6	6.511325169559535E-5	8.905075982985813E-6
26	26	1.0710173249946184E-5	1.0806113747961253E-5	3.5260088413365067E-6	3.520322517968012E-6	3.5296578737927087E-6	7.073486794332969E-6	0.9998959919118582	7.085419115559722E-6	3.5250853829673545E-6	3.5241024177190594E-6	7.086446089844093E-6	1.0741999173417836E-5	3.5358670327136042E-6	2.5813128101925892E-5	3.5302778024484074E-6
27	27	7.039406671371722E-8	7.102464865298267E-8	2.317517147646944E-8	2.313779734467754E-8	0.21447767438702356	4.649145160199671E-8	5.01710765507428E-7	4.6569878402094435E-8	2.3169101921054382E-8	2.316264124860297E-8	4.657662832990607E-8	7.060324691349602E-8	0.785521186734062	1.6966028646696546E-7	2.3203229802539087E-8
28	28	1.2913064492204986E-7	1.302873823616511E-7	4.251245848753387E-8	4.2443899502849596E-8	4.255645421976101E-8	0.150256039028076	9.203365814591453E-7	8.542763208240768E-8	4.250132451500286E-8	0.12266635806468659	0.2789971374756687	1.2951436439392255E-7	4.2631316939267696E-8	3.1122427261145645E-7	0.44807854686523724
29	29	7.109448534591571E-6	0.9998874619430966	2.340576366504875E-6	2.3368017661883433E-6	2.342998606355062E-6	4.695404000553964E-6	5.0670277100648655E-5	4.703324714970067E-6	2.339963371775835E-6	2.339310876183004E-6	4.704006423907046E-6	7.13057468817538E-6	2.3471202666457982E-6	1.713484006977979E-5	2.343410117053344E-6
30	30	8.971752872051848E-7	0.9999857982847709	2.953685174915351E-7	2.9489218263847416E-7	2.9567419151430883E-7	5.925354705424258E-7	6.394324424651368E-6	5.935350233483237E-7	2.9529116075712656E-7	2.952088192199384E-7	5.936210514570228E-7	8.998412974895091E-7	2.961943235241421E-7	2.162327357181263E-6	2.957261220159677E-7
31	31	3.244108978109661E-6	3.273169332569992E-6	1.0680272552202907E-6	1.0663048691989198E-6	1.0691325462997452E-6	2.1425574993524044E-6	2.3121329321917942E-5	2.1461717966674912E-6	1.0677475398957703E-6	1.0674497999514442E-6	2.146482866938575E-6	3.253749042902407E-6	1.071013299087931E-6	0.9999531934355295	1.0693203225448913E-6
32	32	2.084355871061012E-6	2.103027290807768E-6	6.862127304887165E-7	6.851060890533941E-7	6.869228854083688E-7	1.37660366313071E-6	1.4855567073753746E-5	1.3789258668172371E-6	6.860330120258586E-7	6.858417126566965E-7	1.3791257309864808E-6	2.0905496597973807E-6	6.88131278265243E-7	0.9999699265536033	6.870435325634604E-7
33	33	4.701600152185331E-6	4.7437165446601824E-6	1.547863262166916E-6	1.545367054291397E-6	1.5494651308903276E-6	3.1051511317880805E-6	3.350912259488896E-5	3.1103892359705603E-6	1.5474578782475696E-6	1.547026371730063E-6	3.110840061773188E-6	4.715571239594072E-6	1.5521908554744351E-6	0.9999321645012164	1.5497372699672555E-6
34	34	9.473646546796803E-7	0.9999850038189462	3.118918873125646E-7	3.1138890555413063E-7	3.1221466121099827E-7	6.256828174397837E-7	6.752032782066894E-6	6.267382867692426E-7	3.118102031232816E-7	3.117232552736735E-7	6.268291274228505E-7	9.50179805685733E-7	3.127638902066147E-7	2.283291280148643E-6	3.122694967849079E-7
35	35	5.723588637508778E-6	5.774859885088152E-6	1.884322846050182E-6	1.881284036587293E-6	1.886272913543658E-6	3.7801189298049875E-6	4.079301240618024E-5	3.7864956425433074E-6	1.8838293436851369E-6	1.8833040404435449E-6	3.7870444645098497E-6	5.7405966251210695E-6	1.8895911298431287E-6	0.9999174190748915	1.8866042075878364E-6
