0	0	4.989792833464547E-5	0.9998539952098844	8.99107825227816E-6	8.943098619912164E-6	2.9535285158991394E-6	1.5441587559720363E-5	8.893661907078412E-6	2.9525655426032082E-6	2.9585896033322495E-6	1.5143431843905818E-5	2.9567575936752784E-6	5.971169084626831E-6	1.2038841924863294E-5	2.9509258232611375E-6	2.953604362685898E-6	2.9580211470866723E-6
1	1	2.3795195881680824E-6	1.1968082192877786E-6	4.2876422998093067E-7	4.264761895981255E-7	1.408471091356972E-7	7.363744607660424E-7	4.241186643362826E-7	1.4080118711253855E-7	1.4108846097306706E-7	0.166580734489739	1.410010965671695E-7	2.8475157737696837E-7	5.741052010606461E-7	1.4072299259778062E-7	0.8334119690699314	1.4106135257765842E-7
2	2	0.16050175097970237	5.591202963494669E-4	2.0030843661288764E-4	0.836997244042469	6.58004149125757E-5	3.4401661025749346E-4	1.9813813898450716E-4	6.577896123705475E-5	6.591316874285524E-5	3.3737412493746243E-4	6.587235417312835E-5	1.330291551838898E-4	2.682082767979505E-4	6.574243062207418E-5	6.580210467111762E-5	6.590050434614559E-5
3	3	0.759403354215493	1.8684826330206308E-4	6.69395901923694E-5	0.23976085348780776	2.1989352436752528E-5	1.1496435846338714E-4	6.621431453101508E-5	2.1982182992111167E-5	2.202703280268798E-5	1.1274455557989191E-4	2.201339328446501E-5	4.4456026327319274E-5	8.963053398371568E-5	2.1969975096938987E-5	2.1989917124622054E-5	2.2022800581918288E-5
4	4	0.9998993242307337	2.0846210786111598E-5	7.468288880106778E-6	7.428435400377606E-6	2.45329909866804E-6	1.2826296627352166E-5	7.387371621110443E-6	2.4524992209941888E-6	2.4575030063571276E-6	1.2578638565162145E-5	2.4559812781544017E-6	4.959851802497281E-6	9.999862836700207E-6	2.451137215527739E-6	2.453362099533814E-6	2.457030827677491E-6
5	5	0.99953296726741	9.670512436640432E-5	3.4645231805682753E-5	3.44603523686864E-5	1.1380801857896474E-5	5.950091473385926E-5	3.4269858378112764E-5	1.13770912425371E-5	1.1400303695427971E-5	5.8352034299416714E-5	1.1393244430959894E-5	2.3008646047030645E-5	4.638914904930106E-5	1.1370772928414109E-5	1.1381094117560469E-5	1.1398113268668599E-5
6	6	0.7036226083778103	0.0926032363588415	0.1440149178966573	1.0286139198346903E-5	3.3970782087969278E-6	1.7760546521212972E-5	1.0229278267775875E-5	3.3959706198294765E-6	3.4028993511151015E-6	0.05967645648063264	3.400792217207133E-6	6.867896574972633E-6	1.3846789472981865E-5	3.3940846536654443E-6	3.397165445966001E-6	3.4022455262699684E-6
7	7	0.8698067949380552	1.070324816491772E-4	3.834507387037143E-5	3.814045074334201E-5	1.2596183232161826E-5	6.585515096626562E-5	3.79296134719571E-5	1.2592076351859862E-5	1.2617767714694587E-5	0.12974088043461238	1.2609954575529662E-5	2.5465791000593155E-5	5.1343150395297656E-5	1.2585083290790415E-5	1.2596506702891306E-5	1.2615343367345237E-5
8	8	0.8146603875313828	4.3294297614363766E-5	1.551046013891416E-5	1.5427690736356245E-5	5.095115961580294E-6	0.18515716294564522	1.534240773221683E-5	5.093454741590623E-6	5.103846815954843E-6	2.6123851821860214E-5	5.10068642607042E-6	1.030083127642161E-5	2.0768140656207457E-5	5.090626070681463E-6	5.095246804459165E-6	5.102866175180694E-6
9	9	1.7872191257178573E-4	0.9994770473202997	3.220379592821744E-5	3.203194487252966E-5	1.0578801221097883E-5	5.530790864320812E-5	3.185487491864992E-5	1.0575352091345437E-5	1.0596928771798427E-5	5.42399893617259E-5	1.0590366970924692E-5	2.1387235797383908E-5	4.312012393642903E-5	1.0569479026336999E-5	1.0579072885338149E-5	1.0594892703552436E-5
10	10	0.9994357462845135	1.1683597727235518E-4	4.185723913148132E-5	4.163387382544863E-5	1.3749913625800658E-5	7.188706459018442E-5	4.14037251988996E-5	1.3745430581343246E-5	1.3773475109863967E-5	7.049902471942639E-5	1.3764946336767859E-5	2.7798295739046066E-5	5.60458569234924E-5	1.3737797000288363E-5	1.37502667243948E-5	1.3770828707692917E-5
11	11	0.4219451896879007	3.111495293928404E-4	1.1147131698213308E-4	1.1087646587995289E-4	3.6617823154652316E-5	1.9144468030192152E-4	1.1026354990567033E-4	3.660588421935399E-5	3.66805704765753E-5	1.8774814809799183E-4	3.665785723535367E-5	7.403050703264624E-5	0.5767013861381651	3.6585554991933984E-5	3.661876350251401E-5	3.6673522760543566E-5
12	12	0.7966720202090815	0.2031574508500922	1.5953481601991967E-5	1.586834807731963E-5	5.2406465072658604E-6	2.739905894792179E-5	1.5780629155681242E-5	5.238937838257673E-6	5.249626738889329E-6	2.6870020984586202E-5	5.246376079564931E-6	1.0595051389953165E-5	2.136133595644456E-5	5.236028372716149E-6	5.240781087377741E-6	5.248618088313625E-6
13	13	0.9267499525340155	9.286496947390188E-5	3.326947165551337E-5	3.3091933770261626E-5	1.0928870874698393E-5	5.7138136852949174E-5	3.290900428503025E-5	1.0925307607660216E-5	1.0947598295390038E-5	0.07285759545457378	1.0940819353905486E-5	2.2094974043956765E-5	4.454703862497917E-5	1.0919240193425423E-5	1.0929151528748042E-5	1.0945494850350525E-5
14	14	0.9966279078983603	6.982349700750824E-4	2.5014716181357864E-4	2.4881228644886127E-4	8.217221059114234E-5	4.296113540087575E-4	2.47436872615529E-4	8.214541902842644E-5	8.23130186924134E-5	4.213161524771051E-4	8.226204905303891E-5	1.6612812805293068E-4	3.3494115550199155E-4	8.2099799234217E-5	8.217432077836438E-5	8.229720326822773E-5
15	15	1.3239890235119947E-5	6.659163275919317E-6	2.3856880060666494E-6	2.372957115481637E-6	7.836877133363892E-7	4.097262775631903E-6	2.3598396039265617E-6	7.834321985051526E-7	7.850306196317231E-7	4.018150293769258E-6	7.845445151464766E-7	0.9999561843888805	3.194380026644901E-6	7.829971162315996E-7	7.837078384831614E-7	7.848797857485119E-7
16	16	1.5161013557951988E-5	7.625415537284784E-6	2.7318540835842694E-6	2.7172759261119214E-6	8.974017031936327E-7	4.691780323606627E-6	2.7022550485214444E-6	8.971091128660814E-7	8.989394667391802E-7	0.15380095309724037	8.983828279332289E-7	0.8461534747845292	3.6578882478005397E-6	8.96610899653508E-7	8.974247485223818E-7	8.987667466857845E-7
17	17	0.37830367906490714	1.2630100745631418E-4	0.2250765366661687	4.500668656372367E-5	1.4863811506687611E-5	7.771072654831741E-5	4.4757893306060666E-5	1.485896528513273E-5	1.4889281736353467E-5	7.621023981333162E-5	1.488006203656961E-5	3.0050270810212314E-5	0.3961156539964074	1.4850713298028762E-5	1.4864193210245133E-5	1.4886420945797841E-5
18	18	1.5404960534187145E-4	0.9995492401980203	2.7758107452321645E-5	2.7609980191789717E-5	9.118412676149404E-6	4.76727300875782E-5	2.7457354494579133E-5	9.11543969388052E-6	9.134037744117005E-6	4.6752235552341896E-5	9.128381790572276E-6	1.843475814761765E-5	3.716745182005247E-5	9.110377397189094E-6	9.118646837525568E-6	9.13228275221237E-6
19	19	1.7105124020934504E-4	8.603229459418586E-5	3.082162200316481E-5	3.065714672543482E-5	1.01247633418768E-5	5.293411552434001E-5	3.0487676542517122E-5	1.0121462247381394E-5	1.0142112865416842E-5	5.191203090744876E-5	1.0135832694388523E-5	2.0469304268008063E-5	0.9994547293692937	1.011584125195298E-5	1.0125023346397505E-5	1.0140164184398293E-5
20	20	4.4629513483039856E-5	0.9998694109561953	8.041765690069818E-6	7.998851931501956E-6	2.6416836354174044E-6	1.3811205458756186E-5	7.954634936616434E-6	2.640822336539295E-6	2.6462103538077945E-6	1.3544530168155963E-5	2.6445717747642214E-6	5.340710126973999E-6	1.0767734772523985E-5	2.639355745060897E-6	2.6417514740092104E-6	2.6457019173551554E-6
21	21	0.0012079201329620844	0.996465542130192	2.1765441573299947E-4	2.1649293336606994E-4	7.149849055266484E-5	3.738071924186953E-4	2.152961782555398E-4	7.147517906718875E-5	7.162100845288977E-5	3.665894921271173E-4	7.157665949047202E-5	1.445489942241462E-4	2.9143413412002344E-4	7.143548503435413E-5	7.150032663812577E-5	7.160724736567317E-5
22	22	0.9995819479517126	8.656304472937756E-5	3.101176664736116E-5	3.084627668931487E-5	1.0187224996977745E-5	5.326067648732861E-5	3.067576101152901E-5	1.0183903537381562E-5	1.0204681553138595E-5	5.223228642954274E-5	1.019836263850082E-5	2.0595583429325E-5	4.152402481690451E-5	1.017824786492753E-5	1.0187486605517444E-5	1.0202720850323824E-5
23	23	3.5219515672511026E-6	1.7714082307112532E-6	6.346183739235866E-7	6.31231821674879E-7	2.0846926380847925E-7	1.0899154598577117E-6	6.277424241376332E-7	0.9999881315191382	2.0882649116063485E-7	1.0688706985691192E-6	2.0869718219936263E-7	4.2146375646864256E-7	8.497390493007893E-7	2.082855576362709E-7	2.0847461731148848E-7	2.0878636774405538E-7
24	24	1.3103082110265649E-5	6.590353971257519E-6	2.3610366308058778E-6	0.9999574175586259	7.755898481253538E-7	4.054925654446213E-6	2.3354553208670446E-6	7.753369735354117E-7	7.769188781355481E-7	3.976630643884613E-6	7.764377965803962E-7	1.5680153750154895E-6	3.161372416026039E-6	7.749063869781333E-7	7.756097653184691E-7	7.767696028227148E-7
25	25	0.9996298960729924	7.66347705251623E-5	2.745489865831679E-5	2.7308389429133082E-5	9.018809959518859E-6	4.7151988858313867E-5	2.715743090082675E-5	9.01586945188355E-6	9.03426435093645E-6	4.624154911656074E-5	9.02867017879581E-6	1.8233390644616545E-5	3.676146238932674E-5	9.010862451932992E-6	9.019041563091376E-6	9.032528529250097E-6
26	26	5.774780745929603E-5	0.9977610425230972	1.0405543338029087E-5	1.0350015610439733E-5	3.4181738952729153E-6	1.787083863049779E-5	0.0020802761990106953	3.4170594282331425E-6	3.424031186594947E-6	1.7525777433682686E-5	3.4219109674903616E-6	6.910545870629103E-6	1.393277734593239E-5	3.415161750313167E-6	3.4182616741804634E-6	3.4233733015300907E-6
27	27	4.5750387870734176E-7	2.3010712125069025E-7	0.17148789107505003	8.199743842734349E-8	2.7080297659540014E-8	1.415807517015886E-7	8.154416333904131E-8	2.7071468354743518E-8	0.4380753672948932	1.388470230479842E-7	2.7109904411895008E-8	5.4748425592197534E-8	1.1038167434188429E-7	2.7056434104143823E-8	2.7080993083183592E-8	0.3904353095204828
28	28	8.261070848221853E-7	4.1550057164615325E-7	1.4885574796981064E-7	1.4806140007707075E-7	0.28489708017296234	2.556499900844581E-7	1.4724292884819759E-7	4.8882496619660525E-8	4.898223060489303E-8	2.5071374207907526E-7	0.5466967531812149	9.885831436525663E-8	1.9931433907404497E-7	0.168403480604462	4.889969526214544E-8	4.8972819277658495E-8
29	29	4.108068544238691E-5	2.0662028686755035E-5	7.402304460268918E-6	7.3628030971732425E-6	2.4316235153700293E-6	1.2712972711364058E-5	7.322102127874305E-6	2.4308307048390133E-6	2.435790280359582E-6	1.2467502777380392E-5	2.43428199705089E-6	4.916030125413886E-6	0.9998690445551075	2.429480733071576E-6	2.4316859596055442E-6	2.435322273510566E-6
30	30	5.2566821963734045E-6	2.6439120274890666E-6	9.471984619877409E-7	9.421438697899373E-7	3.111504081268284E-7	1.6267512724083083E-6	0.9999829116079985	3.110489601359147E-7	3.116835871403035E-7	1.5953409534756668E-6	3.1149058729303936E-7	6.290549380764419E-7	1.268276421958035E-6	3.1087621782455653E-7	3.111583984876893E-7	3.1162370101025213E-7
31	31	1.637097957669857E-5	8.233982612544568E-6	2.9498771462691073E-6	2.9341355391968986E-6	9.690212926016298E-7	0.9999489296192874	2.9179158795205968E-6	9.687053513053325E-7	9.706817815591605E-7	4.968398923800136E-6	9.700807186757989E-7	1.9590770678462536E-6	3.9498159915027225E-6	9.681673768291073E-7	9.690461771256657E-7	9.704952771110363E-7
32	32	1.1775681213492812E-5	5.922721600653356E-6	2.1218530467703427E-6	2.1105300745681033E-6	6.970191232175916E-7	0.9999632649640845	2.0988632380880594E-6	6.967918659560487E-7	6.982135165360119E-7	3.573780151274843E-6	6.977811706968049E-7	1.409168395546553E-6	2.841111232836308E-6	6.964048997453009E-7	6.970370227098499E-7	6.980793634808621E-7
33	33	2.7267944058421296E-5	1.371474298193201E-5	4.913394743841145E-6	4.8871750995600175E-6	1.6140279373196153E-6	0.9999149357997921	4.86015919799909E-6	1.6135016969958265E-6	1.6167936924041805E-6	8.275498926584312E-6	1.615792545893533E-6	3.2630914748804873E-6	6.578919788688291E-6	1.6126056322335538E-6	1.6140693856523892E-6	1.6164830455773204E-6
34	34	5.550573876213087E-6	2.7917284101578097E-6	1.000154630296183E-6	9.948174449081457E-7	3.2854626975800786E-7	1.7177000203579658E-6	0.9999819562266299	3.284391499917514E-7	3.291092578544885E-7	1.6845336067917584E-6	3.289054677316851E-7	6.642242721842329E-7	1.3391834835276805E-6	3.282567499673781E-7	3.2855470684562305E-7	3.2904602359824224E-7
35	35	3.2778589437886606E-5	1.6486388870672823E-5	5.906354681877813E-6	5.874836245678254E-6	1.940210783230632E-6	0.9998977449679189	5.84236063462145E-6	1.939578193715186E-6	1.9435354765118155E-6	9.94791470625759E-6	1.9423320058588986E-6	3.922537596681863E-6	7.908469748807543E-6	1.9385010410376917E-6	1.9402606079581575E-6	1.9431620503093848E-6
