0	0	7.108576422372661E-5	6.818417743526061E-5	1.7194458333291518E-5	1.4361735875933983E-5	9.194019299143946E-5	2.596923608950056E-5	8.353051731016847E-5	4.1048605498414575E-5	3.183029994873239E-5	0.9995548550122935
1	1	1.3762408053817574E-5	0.9998771565553363	3.3288965017293643E-6	2.780473300725709E-6	1.7799885340088917E-5	5.027718669307656E-6	1.6171747982492816E-5	7.94712788247415E-6	6.16243746063083E-6	4.98627494723987E-5
2	2	4.539397085674496E-5	4.354107460455867E-5	1.0980042896105372E-5	9.171122051281488E-6	5.871119888479574E-5	1.6583443381273364E-5	5.33409454035386E-5	2.6212832091676532E-5	2.0326203481286296E-5	0.9997157391663487
3	3	2.8496721654527883E-5	2.7333539237199768E-5	6.892880712122121E-6	5.7573044927008974E-6	3.6856804131623004E-5	1.0410496398324039E-5	3.348554984870087E-5	1.645548441335333E-5	1.2760068175737594E-5	0.9998215511509357
4	4	4.698600197634472E-5	4.506812201730935E-5	1.1365128616856823E-5	9.49276634526416E-6	6.077028413178987E-5	1.7165048326485706E-5	5.521168822309272E-5	2.7132153394377492E-5	2.1039072346353127E-5	0.9997057697346221
5	5	2.4576107158445325E-5	2.3572956828395582E-5	5.944549589428927E-6	4.965207362157537E-6	3.1785999064656404E-5	8.97820732361922E-6	2.887856614939341E-5	1.4191518350407886E-5	1.1004522086356128E-5	0.9998461023660872
6	6	1.7859823823257787E-5	1.713081950831792E-5	4.319992897627658E-6	3.6082902862670402E-6	2.3099359865295783E-5	6.524597244581095E-6	0.008908306059608946	1.0313188166406436E-5	7.99715042151951E-6	0.9910008407181777
7	7	3.5555374433866055E-5	3.4104071126616353E-5	8.600250850558256E-6	7.1833918107991945E-6	4.598625368989759E-5	1.2989181772283327E-5	4.177993796718969E-5	2.053151646355994E-5	1.5920743701334538E-5	0.9997773492781838
8	8	1.4082718709758547E-4	1.3507888699838228E-4	3.406374296157409E-5	2.8451869193961542E-5	0.3330514402195492	5.144735390404361E-5	1.6548134381132371E-4	8.132091860793045E-5	6.305863987259819E-5	0.6662488298380035
9	9	6.085987812081028E-5	5.837569271137703E-5	1.472098738678529E-5	1.2295759981727452E-5	7.87143389533281E-5	2.2233488808298222E-5	7.151441865160804E-5	3.514364873113222E-5	2.7251422230361318E-5	0.9996188903644245
10	10	3.635950554453861E-5	3.487537912238817E-5	8.794756727057614E-6	7.345853574377533E-6	4.7026292723211915E-5	1.328294903902107E-5	0.07241489347348645	2.0995863454711544E-5	1.628081206003232E-5	0.9274001451142682
11	11	3.669143538817724E-5	3.5193760216013106E-5	8.875045008802152E-6	7.412914663130475E-6	4.745560081628814E-5	1.3404210511957805E-5	4.311488541054605E-5	2.118753695437021E-5	1.6429441347489945E-5	0.9997702351696832
12	12	4.251302520215474E-5	0.10052763094106937	1.0283190290534101E-5	8.58907329628851E-6	5.498507027981598E-5	1.5530968829130862E-5	4.9955641981702674E-5	2.4549224716429745E-5	1.9036193233482047E-5	0.8992469266711011
13	13	7.952495816020322E-5	7.627889939624695E-5	1.92357583051202E-5	1.6066739341044186E-5	1.0285519302956057E-4	2.9052264346068038E-5	9.344713342723119E-5	4.592183358291219E-5	3.560914480264921E-5	0.999502008075609
14	14	4.726226109558722E-5	4.533310476048217E-5	1.1431951080775997E-5	9.548580059123829E-6	0.01182033703995708	1.7265972025735904E-5	5.553631112606034E-5	2.7291679731682307E-5	2.1162773775536417E-5	0.9879448303263879
15	15	1.016488961217294E-4	9.749977994819156E-5	2.4587169148092014E-5	2.0536525338406163E-5	1.3146963008493976E-4	3.713463884715795E-5	1.1944423710959596E-4	5.869734231340661E-5	4.551565124669863E-5	0.9993634661298417
16	16	3.826333069678466E-5	3.670149372358886E-5	9.255260213397583E-6	7.730490840208482E-6	4.948864300995239E-5	1.3978459390379226E-5	4.4961967308296544E-5	2.2095230795921377E-5	1.713329393608292E-5	0.9997603918300854
17	17	3.652471635272371E-5	3.50338463370623E-5	8.834718460445016E-6	7.379231762217458E-6	4.723997142181893E-5	1.3343304280737164E-5	4.291897941686417E-5	2.1091264740233647E-5	1.6354789031887807E-5	0.999771279178196
18	18	5.5791018655370294E-5	5.351373452663823E-5	1.3494914996235853E-5	1.127167841448478E-5	7.215842832075326E-5	0.07636714174401724	6.555817047808943E-5	3.221662649544382E-5	2.4981722819447847E-5	0.9233038719612763
19	19	8.825634036961872E-5	8.465388305609983E-5	2.1347733736928635E-5	1.7830774749438934E-5	1.141481006065145E-4	3.224203558170306E-5	1.037070902659852E-4	0.10984520211620907	3.951882373383467E-5	0.8896530931016907
20	20	8.544202766496788E-5	8.195444528669941E-5	2.0666998528333662E-5	1.726218811077985E-5	1.1050815305823317E-4	3.121390355196588E-5	0.1914280277340439	4.9338656268300365E-5	3.825864993508883E-5	0.8081373272435517
21	21	3.188811914374351E-5	3.0586506278960766E-5	7.713203085479742E-6	6.442481834779238E-6	4.124313581243365E-5	1.1649450541007137E-5	3.747066824437586E-5	1.8413853140810308E-5	1.4278645073741608E-5	0.9998003139368447
22	22	2.1779428906340846E-5	2.089043370645693E-5	5.268079860186252E-6	4.400183481141328E-6	2.8168859387797946E-5	7.956517557906161E-6	2.559228254958353E-5	1.2576571341955874E-5	9.752244522814514E-6	0.9998636153986858
23	23	7.874590860682902E-5	7.553164917592229E-5	1.9047319238151697E-5	1.590934490290308E-5	1.0184759372934497E-4	2.8767659939012343E-5	9.253169820733548E-5	4.5471969983225386E-5	3.5260307293063145E-5	0.9995068865489242
24	24	3.6033527478671024E-5	3.456270686619401E-5	8.715908080885833E-6	7.279994946641554E-6	4.6604682480793806E-5	1.3163861885004253E-5	0.29590104539107465	2.0807626820090562E-5	1.6134847819138504E-5	0.703915651452548
25	25	8.544202766496788E-5	0.18078026944715445	2.0666998528333662E-5	1.726218811077985E-5	1.1050815305823317E-4	3.121390355196588E-5	1.0040008500748929E-4	4.9338656268300365E-5	3.825864993508883E-5	0.8187666398907204
26	26	5.320604033248962E-5	5.103427014219585E-5	1.2869651941802823E-5	1.074942510084824E-5	6.881509497574844E-5	1.9437368900378635E-5	6.252064842421914E-5	3.072392600109554E-5	2.3824238810141808E-5	0.999666819335371
27	27	8.765150914170902E-6	8.407373989786652E-6	2.1201435171237816E-6	1.7708578323197844E-6	1.13365830057291E-5	3.202107706598034E-6	0.2933327559432223	5.0614525417140855E-6	3.924799652091852E-6	0.7066226555876182
28	28	1.4200020371922856E-5	1.3620402329448933E-5	3.4347476078117954E-6	2.868885834477235E-6	1.8365879972367226E-5	5.187588338413028E-6	1.6685971663025963E-5	8.199827921691772E-6	6.358388527608344E-6	0.9999110782874331
29	29	0.6781660353984923	3.0743205117860395E-4	0.3190636544994708	6.475487546969264E-5	4.1454430016336674E-4	1.1709132263298189E-4	3.766263558295109E-4	1.8508189819230422E-4	1.4351796517836227E-4	0.0011612613333920245
30	30	0.3863645013215203	0.612786904501816	2.5897097001262704E-5	2.16306474956213E-5	1.3847392282222197E-4	3.911305683624561E-5	1.258078543340183E-4	6.18245540367372E-5	4.7940583493438406E-5	3.8790646064410184E-4
31	31	1.1996099485526191E-5	0.9998929226500503	2.901655978779693E-6	2.423619049945452E-6	1.5515394873895975E-5	4.382446233711381E-6	1.409621752924467E-5	6.927169745988894E-6	5.3715318250976145E-6	4.346321522757344E-5
32	32	5.738414354123662E-5	0.8995445136899668	1.388026528076744E-5	1.159354368635806E-5	7.421892821219463E-5	2.0963724420631106E-5	6.743019854600603E-5	3.313657939549025E-5	2.569508144373327E-5	0.10015118384550674
33	33	1.59465729136116E-5	0.9304241630997444	3.857209478102105E-6	3.2217486976832934E-6	2.0624818586956328E-5	5.825643451038425E-6	0.06945223585730625	9.208377904222666E-6	7.14044794393826E-6	5.777622397369545E-5
34	34	6.132417571449474E-5	0.9994526195592757	1.4833293215048306E-5	1.2389563846413235E-5	7.931484751977554E-5	2.2403107211614964E-5	7.205999931195333E-5	3.541175823189011E-5	2.745932224851317E-5	2.2218437342475124E-4
35	35	2.5192282379879884E-5	0.8180022298193466	6.093592077565067E-6	5.089695659922571E-6	3.258294159448473E-5	0.1817821068297025	2.9602613158836085E-5	1.4547329867084572E-5	1.12804288355262E-5	9.12744673776351E-5
36	36	5.465304156920511E-5	0.9995121661949382	1.321965735772014E-5	1.1041768438516423E-5	7.068660292695746E-5	1.996599115194221E-5	6.422097145191974E-5	3.155949953076475E-5	2.4472167180805195E-5	1.9801410545401847E-4
37	37	6.694183863284299E-5	0.9994024762223572	1.619211198888904E-5	1.3524522328668918E-5	8.658056405970407E-5	2.4455366425410195E-5	7.866112817042535E-5	3.865568803241383E-5	2.9974761136377207E-5	2.4253779686798956E-4
38	38	2.0569219114943978E-4	1.9729622395618524E-4	0.9980164459358802	4.155680048304774E-5	2.66036103819496E-4	7.514400572405419E-5	2.4170205273871124E-4	1.1877733468580551E-4	9.210345014780557E-5	7.45245901415358E-4
39	39	2.495762958020258E-5	0.9997772278531284	6.036833486996312E-6	5.04228783406158E-6	3.227944870918053E-5	9.117586086051448E-6	2.932688045821215E-5	1.4411829175655877E-5	1.1175357601094069E-5	9.04242939401413E-5
40	40	4.9595055685670236E-5	0.9995573138469017	1.1996215104907038E-5	1.0019883703692335E-5	6.414475585872327E-5	1.8118194606722875E-5	5.827750046285525E-5	2.863875626497773E-5	2.2207336668430502E-5	1.796884547423562E-4
41	41	4.0032648521314777E-4	0.9964266802552741	9.683228625138717E-5	8.087953062834516E-5	5.177702555780713E-4	1.4624831175283633E-4	4.704103383846649E-4	2.311692663296505E-4	1.792554703590448E-4	0.0014504278002287537
42	42	3.513138424896614E-6	3.3697387421183587E-6	8.49769471083608E-7	7.097731410070343E-7	0.9999698157268316	1.2834288576275147E-6	4.1281721202329995E-6	2.0286682550255155E-6	1.5730892260500223E-6	1.2728494930353795E-5
43	43	4.208379828214762E-6	4.036601702963645E-6	1.0179367472109284E-6	8.502354897417793E-7	5.442992106965382E-6	1.5374162535446626E-6	4.945127170358617E-6	2.4301366840790687E-6	0.9999602837414282	1.524743258871479E-5
44	44	8.729786016317426E-5	0.30416892169858284	0.6950729722874037	1.763712923239923E-5	1.1290843108728937E-4	3.189188110225018E-5	1.0258081205331966E-4	5.04103101630275E-5	3.908964198697984E-5	3.162899482249687E-4
45	45	4.3431831104719115E-5	0.9996123268747671	1.050543408267093E-5	8.774703258039337E-6	5.617342624568244E-5	1.5866629388803885E-5	5.1035300239399526E-5	2.5079790877402256E-5	1.9447609890426816E-5	1.5735840014578082E-4
46	46	4.92909397932428E-5	4.727897662091175E-5	0.9995246720674966	9.958441976640338E-6	6.375142149498845E-5	1.8007094198712052E-5	5.792014399220161E-5	2.846314398268218E-5	2.2071161722843988E-5	1.785866087212685E-4
47	47	1.2984342696188612E-5	0.9998841015774814	3.140695495263102E-6	2.623277703512849E-6	1.6793558969098262E-5	4.743473811198863E-6	1.5257469258284126E-5	7.497832608433418E-6	5.814040647520655E-6	4.7043731328997303E-5
48	48	3.4828976397494835E-4	0.99689116074887	8.424547305605709E-5	7.03663476523481E-5	4.504675228083372E-4	1.2723812154224448E-4	4.0926371793796476E-4	2.0112056579356112E-4	1.5595482129874232E-4	0.0012618929170659457
49	49	0.5382560249298755	4.5601221920364036E-5	1.1499563971441233E-5	0.4613311620327156	6.148912110855186E-5	1.7368089526988006E-5	5.586477391474661E-5	2.745309306740519E-5	2.1287938438973843E-5	1.7224923546043405E-4
50	50	9.992864828759079E-7	9.584974938530172E-7	0.9999903635682363	2.0188976918482164E-7	1.2924471318925814E-6	3.650619343864271E-7	1.1742283109312474E-6	5.770398203270656E-7	4.474537037337979E-7	3.620527116471757E-6
51	51	3.6653208498232123E-6	3.5157093675598454E-6	8.865798562997562E-7	7.405191534558316E-7	4.740615930465221E-6	1.3390245365197511E-6	4.3069966263553064E-6	2.116546276635347E-6	0.9999654088184616	1.3279868941249525E-5
52	52	0.005331294773483883	0.9943317464006816	1.0283190290534101E-5	8.58907329628851E-6	5.498507027981598E-5	1.5530968829130862E-5	4.9955641981702674E-5	2.4549224716429745E-5	1.9036193233482047E-5	1.5402946320726153E-4
53	53	1.5728160672445935E-5	0.9998596102202701	3.804379207214332E-6	3.1776220155839104E-6	2.0342330752384217E-5	5.745852523591732E-6	1.8481638506016788E-5	9.082255353223325E-6	7.042648796321338E-6	5.6984891903002505E-5
54	54	0.23400512113909866	2.7333539237199768E-5	6.892880712122121E-6	5.7573044927008974E-6	3.6856804131623004E-5	1.0410496398324039E-5	3.348554984870087E-5	1.645548441335333E-5	0.7657544399798112	1.0324682185616859E-4
55	55	0.6894536808719793	3.322237127147453E-5	8.377906723343409E-6	6.997678043797765E-6	4.479736122405782E-5	1.2653369673941351E-5	0.3102792699154978	2.0000710771050267E-5	1.5509141304567853E-5	1.2549067351062975E-4
56	56	2.201805563020814E-5	2.1119320137638206E-5	5.325799676601711E-6	4.448394174499501E-6	2.8477492027326514E-5	8.04369329269703E-6	0.9998082198956079	1.2714366783228464E-5	9.85909517398813E-6	7.977388749593596E-5
57	57	1.9459548681424447E-5	1.866524661574185E-5	4.706939605155582E-6	3.931488976441452E-6	2.5168395962736432E-5	7.109012886357463E-6	0.9998305048211238	1.1236952232615527E-5	8.713464336505773E-6	7.050412957917337E-5
58	58	1.6236464067769613E-5	1.5573722235492618E-5	3.927329303439736E-6	3.2803165450469912E-6	2.0999755101332336E-5	5.931547240704296E-6	0.08283406776603294	0.9170338863138693	7.270253432985165E-6	5.8826532171034205E-5
59	59	6.834861199151382E-6	6.555875059338073E-6	1.6532386953422326E-6	1.3808738270287612E-6	8.840004248135184E-6	2.496929252404175E-6	8.031418075656771E-6	0.9999363828625204	3.060467654145676E-6	2.4763469468365858E-5
60	60	1.1482039289735812E-5	1.1013364107418157E-5	2.77731340873286E-6	2.319761451495267E-6	1.4850524852080698E-5	4.194648427294334E-6	1.34921624902105E-5	0.9998931281191004	5.141349447480994E-6	4.1600717425139974E-5
61	61	5.129503687855655E-6	4.920127024404076E-6	1.2407412144253302E-6	1.0363337574560892E-6	6.634346048914515E-6	1.8739236153196683E-6	6.027509182323561E-6	0.999952255893455	2.2968542682991637E-6	1.8584767745957293E-5
62	62	3.1871873974685046E-6	3.0570924207055873E-6	7.709273650584535E-7	6.439199759530762E-7	4.122212479855873E-6	1.1643515813636614E-6	3.745157908651052E-6	0.9999703344760149	1.4271370922447103E-6	1.1547537763747303E-5
63	63	0.09689234565481174	4.69826732257037E-6	1.1847933751683684E-6	9.89603114672073E-7	6.335188318032136E-6	1.7894241435597261E-6	0.7336691942831691	0.16940352276349255	2.193283892861134E-6	1.7746738359659867E-5
64	64	5.4642458736011604E-6	5.2412056656367236E-6	1.3217097547237958E-6	1.10396303472009E-6	7.067291540827025E-6	1.9962125003822415E-6	0.7260039136004068	0.27395164745211	2.4467428471746704E-6	1.9797576266123308E-5
65	65	0.9998642368151995	1.4656017923707284E-5	3.695905692496316E-6	3.087019105174219E-6	1.976231388390721E-5	5.582022162752978E-6	1.7954675188928477E-5	8.82329479591021E-6	6.841843138879802E-6	5.5360092908511354E-5
66	66	0.30991706077885756	3.853583961898133E-5	9.717839440038797E-6	8.116861875918985E-6	5.19620924520252E-5	1.4677104786116137E-5	4.720917285262389E-5	0.6897491694845111	1.798961841276237E-5	1.4556120719281043E-4
67	67	3.055479836746301E-5	2.9307609141386128E-5	7.39069507303841E-6	6.173105806597711E-6	3.951865875532677E-5	1.1162358330627444E-5	3.590392734485363E-5	0.9997156037625688	1.368161976634933E-5	1.1070346484559045E-4
68	68	4.058139016169127E-5	3.892493437428278E-5	9.815960057011632E-6	8.19881748961919E-6	5.248675151868825E-5	1.4825298897150236E-5	0.35344121690803926	0.47458046123019065	0.17166645777667897	1.4703093259269955E-4
69	69	2.0142203912930667E-5	1.932003714856408E-5	4.872062496670047E-6	4.069408491498794E-6	2.6051321741430517E-5	0.1353187570992449	0.7943516941180097	1.1631152753571235E-5	9.019139052360651E-6	0.07023444345714841
70	70	0.9998853722076482	1.2374392820361255E-5	3.1205330877754547E-6	2.6064369769631858E-6	1.66857489061318E-5	4.7130220045743055E-6	1.5159520471819553E-5	7.44969857043024E-6	5.77671609413372E-6	4.6741723419531004E-5
71	71	0.9997403578483183	2.8029101073292035E-5	7.068285174840349E-6	5.903811728706225E-6	3.779470632320583E-5	1.0675414304732416E-5	3.433766308340496E-5	1.6874230293753717E-5	1.3084776087580181E-5	1.0587416361230792E-4
72	72	0.9999231258185594	8.298784259672162E-6	2.092759721350198E-6	1.747985414093078E-6	1.1190159581422283E-5	3.160749250071726E-6	1.0166607097578893E-5	4.996078767910313E-6	3.8741068988621475E-6	3.134695044961643E-5
73	73	1.027816261321412E-5	9.85862740565349E-6	2.4861157606675596E-6	2.0765375227071335E-6	1.329346690685074E-5	3.754845071775226E-6	0.9999104758779781	5.9351439344526236E-6	4.602285738545326E-6	3.723893706792889E-5
74	74	1.4828711391819202E-5	1.422343136797279E-5	3.5868174584235183E-6	2.995902748115609E-6	1.9179010060120607E-5	5.417263375339588E-6	0.9998708400111941	8.56286670924563E-6	6.639899515875892E-6	5.372608617891418E-5
75	75	1.2159415549343703E-5	1.1663091146015877E-5	2.9411594051707973E-6	2.4566144351461E-6	1.572662296703044E-5	4.442109282491958E-6	0.9998940899222635	7.0214769078856126E-6	5.444660381209031E-6	4.4054927662134774E-5
76	76	1.6236464067769613E-5	1.5573722235492618E-5	3.927329303439736E-6	3.2803165450469912E-6	2.0999755101332336E-5	5.931547240704296E-6	0.999858578303817	9.375776085201081E-6	7.270253432985165E-6	5.8826532171034205E-5
77	77	1.3395459102332837E-5	1.2848681733035143E-5	3.240137683059404E-6	2.706337164204922E-6	1.7325284584425206E-5	4.893663924901868E-6	0.9998833238234941	7.735232534480884E-6	5.998127555276623E-6	4.853325222413426E-5
78	78	0.2822966064542172	8.74096988766047E-6	2.2042686174316143E-6	0.7176242643870175	1.178640688548174E-5	3.329164026058655E-6	1.0708316268860674E-5	5.26228573971979E-6	4.080531639928361E-6	3.3017215700086935E-5
79	79	0.9999486569782325	5.542623711936732E-6	1.3977203518000531E-6	1.1674511712941644E-6	7.47372649964482E-6	2.1110132752897786E-6	6.790112359326606E-6	3.336800160029378E-6	2.5874533050048566E-6	2.0936120933189977E-5
80	80	3.1621119625978513E-6	3.0330405177801876E-6	7.648620364405373E-7	6.388538874539347E-7	0.9999728316850279	1.155190958342807E-6	3.715692599114097E-6	1.8259673777435828E-6	1.4159089845920195E-6	1.1456686648013962E-5
81	81	0.7282958724022953	5.973243124569092E-5	1.5063125182897605E-5	1.2581531860416149E-5	8.054377808973447E-5	2.275022838974692E-5	0.27122398430522593	3.596043976615536E-5	2.7884786100450067E-5	2.256269718436761E-4
82	82	0.6014979758613083	2.061120915781395E-5	5.197665945288879E-6	4.341369994368756E-6	2.7792350352185422E-5	7.850169597155609E-6	0.3983363464051621	1.2408471076265915E-5	9.621894616565452E-6	7.785460278999925E-5
83	83	0.5902451742211163	6.067251127091462E-5	1.530019142658759E-5	1.277954233047459E-5	8.181139093185651E-5	2.3108275682188598E-5	0.40926712590266817	3.6526391802886856E-5	2.832364200961013E-5	2.2917793076094356E-4
84	84	1.2677180656481586E-5	0.17033781560140868	3.0663981313536562E-6	2.5612205513733347E-6	1.639628480993712E-5	4.631260576749007E-6	0.6292735696431836	7.320461322779945E-6	0.2002960311005846	4.593084877432738E-5
85	85	0.2174523341443813	0.6113353532597414	3.465355996188425E-6	2.8944516057817048E-6	1.8529545560427978E-5	5.233816980726976E-6	0.17111559473148003	8.272899817011781E-6	6.4150506314147225E-6	5.190674380559816E-5
86	86	6.782954341561305E-6	6.506086941749724E-6	1.6406832939930162E-6	1.37038688091516E-6	8.772869477108584E-6	2.4779665043189425E-6	7.970424053663869E-6	3.91682947944696E-6	0.9999359863939314	2.457540509577988E-5
87	87	0.8186312280035222	1.6060320502493013E-5	4.050038030621115E-6	3.38280947010988E-6	2.165588883000852E-5	6.116877411893546E-6	0.18123967537336186	9.668720592998016E-6	7.4974112484161995E-6	6.066455702952512E-5
88	88	4.644306058025376E-5	4.4547342464718454E-5	1.1233800167139049E-5	9.383073764591775E-6	6.0068060032706706E-5	1.6966699564932363E-5	0.34093846487575724	2.6818630885049846E-5	0.6586778060341797	1.68268422603721E-4
89	89	0.7101899182228167	1.4409504702709035E-5	3.633740811045859E-6	3.0350956545574816E-6	1.942991311343462E-5	0.11400724767688519	0.1756924952547073	8.674887579756456E-6	6.72676380433547E-6	5.4428939924891955E-5
90	90	7.050683877903935E-6	6.762888263505127E-6	1.705442594360758E-6	1.424477329672771E-6	9.119142820437628E-6	2.575774154181608E-6	8.285024127449766E-6	0.9999343740403036	3.1571072651205516E-6	2.5545419263708207E-5
91	91	0.9997711409046428	2.4705983499834187E-5	6.230272474493525E-6	5.203858474595463E-6	3.331378299862586E-5	9.409742002676211E-6	3.0266605245140306E-5	1.4873629165621936E-5	1.1533450939916724E-5	9.332177055641857E-5
92	92	0.7149954858004641	3.966005587586228E-6	1.000134054416082E-6	8.353657237483407E-7	5.3477996339256026E-6	1.5105283851828502E-6	4.8586418557390645E-6	0.28497016351057897	1.8514434315949558E-6	1.4980770284764415E-5
93	93	7.676914861646623E-6	7.363557679910126E-6	1.8569174033406668E-6	1.5509972325542105E-6	0.9999340412852415	2.8045504843085616E-6	9.020887328737866E-6	4.433048628539144E-6	3.4375167151334186E-6	2.7814324424208352E-5
94	94	0.9999393740189734	6.544745292155467E-6	1.6504320277944387E-6	1.3785295474224112E-6	8.824996764270027E-6	2.4926902696598175E-6	8.017783311034325E-6	3.94010278763538E-6	3.05527196445479E-6	2.4721429062268746E-5
95	95	5.03000011606986E-6	4.824685000699696E-6	1.2166729633800177E-6	1.0162306604112008E-6	6.505651116909126E-6	1.8375727119331446E-6	5.9105858444901505E-6	0.9999531820472161	2.252299235790208E-6	1.8224255134199087E-5
96	96	5.405454170604654E-6	5.184813729042801E-6	1.3074890243348656E-6	1.0920851162739327E-6	6.991252117479445E-6	1.9747345626841266E-6	0.9999529177969873	3.1213894682284395E-6	2.42041749833287E-6	1.9584567325674307E-5
97	97	0.8395755725518931	1.74916614333392E-4	4.410988810140853E-5	3.684294963819097E-5	2.358592254704638E-4	6.66203072980228E-5	2.142854226742585E-4	1.05304241643262E-4	8.165601624416411E-5	0.15946483278270382
98	98	6.426586616176004E-5	6.164265474607625E-5	1.5544838970760423E-5	1.2983885110223762E-5	8.311954161564872E-5	2.34777732092517E-5	7.551668191936119E-5	3.7110442799565395E-5	2.877653238636975E-5	0.9995975617830809
99	99	1.3379514058227984E-4	1.2833387535549458E-4	3.23628084337459E-5	2.7031157243784704E-5	0.21655315186805252	4.887838839959217E-5	1.5721821982880637E-4	7.726025039390094E-5	5.99098779189227E-5	0.782782058413791
100	100	7.172000857025284E-5	6.879253312409798E-5	1.7347871440804133E-5	1.448987474994181E-5	9.276050558510907E-5	2.620093988214085E-5	8.427579674754846E-5	4.141485106466067E-5	3.2114297567822194E-5	0.9995508833212676
101	101	4.8110879967165316E-5	4.614708461068793E-5	1.1637217803129447E-5	9.720029859601176E-6	6.222516754898676E-5	1.757599167688093E-5	5.653349493798354E-5	2.778171626231993E-5	2.1542762561187956E-5	0.999698725654772
102	102	5.864000222288588E-5	5.624642795968972E-5	1.4184036507115361E-5	1.1847269743611662E-5	7.584321812201977E-5	2.14225179773291E-5	6.890591631442548E-5	3.386177730463185E-5	2.625742130132142E-5	0.9996327914125469
103	103	5.320604033248962E-5	5.103427014219585E-5	1.2869651941802823E-5	1.074942510084824E-5	6.881509497574844E-5	1.9437368900378635E-5	6.252064842421914E-5	3.072392600109554E-5	2.3824238810141808E-5	0.999666819335371
104	104	4.9902947551662084E-5	4.786600337721816E-5	1.207068900159744E-5	1.00820883054999E-5	6.454297395328707E-5	1.823067446320742E-5	5.8639293954459975E-5	2.881654899016379E-5	2.234520239377392E-5	0.9996875035780091
105	105	5.657636818350525E-5	5.4267027568639165E-5	1.3684877921809628E-5	1.1430345661246954E-5	7.317417581915836E-5	2.0668625828088932E-5	6.648100858879676E-5	3.267012802716145E-5	2.5333381288877197E-5	0.9996457140611127
106	106	4.463773851273108E-5	4.281571023815413E-5	1.0797122930744797E-5	9.018337463478735E-6	0.0333763580179555	1.6307174616427503E-5	5.2452321927488565E-5	2.5776144331566523E-5	1.998758290649531E-5	0.9664018498491174
107	107	1.0037954571143421E-4	9.628224202694628E-5	2.4280134498067358E-5	2.0280073494274718E-5	0.18744377699245401	3.6670916457095244E-5	1.1795266565956375E-4	5.796435358070524E-5	4.4947270154633834E-5	0.8120574658059633
108	108	4.488700070266857E-5	4.3054798015745E-5	1.0857415288655674E-5	9.068696881779034E-6	5.8055498910044305E-5	1.6398235727317438E-5	5.274522163671606E-5	2.592008124231299E-5	2.0099195834318907E-5	0.9997189138557604
109	109	6.924859775485222E-5	6.642200063573157E-5	1.6750078468415038E-5	1.399056592546323E-5	8.956405704424603E-5	2.5298077661552073E-5	8.137172409459589E-5	3.998773033670999E-5	3.100766604448145E-5	0.9995663595020339
110	110	1.671886451721875E-4	1.6036432008669833E-4	4.0440139099652965E-5	3.377777800715787E-5	2.16236773578607E-4	6.10777902632593E-5	1.9645781644361568E-4	9.654339113367642E-5	7.48625942474806E-5	0.9989530507519677
111	111	7.723272035275957E-5	7.408022641167232E-5	1.8681304288897783E-5	1.5603629542411006E-5	0.9993364299248372	2.8214858074294227E-5	9.07536010168448E-5	4.459817663846172E-5	3.4582742150001036E-5	2.798228166874644E-4
112	112	4.09953181686859E-5	3.932196662092951E-5	9.91608232406431E-6	8.282444989063368E-6	0.6579495688996198	1.497651615218134E-5	4.8172234923829066E-5	2.3672821994177833E-5	1.8356604702119116E-5	0.3418467371105051
113	113	4.366777177388399E-5	4.188533571169196E-5	1.0562504187345E-5	8.822371277226307E-6	0.8964085185975808	1.5952823847111647E-5	5.1312546272625285E-5	2.5216035251438938E-5	1.955325779829746E-5	0.10337450875629964
114	114	6.865713109262199E-5	6.585467652681967E-5	1.66070125678046E-5	1.3871069594866906E-5	0.9994101098934298	2.508200152368875E-5	8.067671129129652E-5	3.96461868230616E-5	3.074282312587385E-5	2.4875249402414097E-4
115	115	5.3560559466106786E-5	5.137431847359832E-5	1.2955404195265976E-5	1.0821049992492512E-5	0.9995398170062073	1.9566882751424447E-5	6.293723206724214E-5	3.092864372786415E-5	2.398298297620414E-5	1.940559201424908E-4
116	116	7.437435226133801E-5	7.133853151327626E-5	1.79899128185258E-5	1.5026142221095943E-5	0.9993609885253967	2.7170631616192144E-5	8.73948277385851E-5	4.294760671865691E-5	3.3302841529850335E-5	2.6946662818577873E-4
117	117	6.179561198467241E-5	5.927323168422895E-5	1.494732576984873E-5	1.2484809965922032E-5	0.9994690628699584	2.2575333534776742E-5	7.261396839362177E-5	3.56839899745392E-5	2.7670418774664862E-5	2.238924399593393E-4
118	118	2.505759053011496E-4	2.4034786957178136E-4	6.0610123701664374E-5	5.062483337004065E-5	0.15618705737286187	9.154104080003587E-5	2.944434124587025E-4	1.446955181032132E-4	1.1220117435269268E-4	0.8425679027494788
119	119	5.864000222288588E-5	5.624642795968972E-5	1.4184036507115361E-5	1.1847269743611662E-5	0.6858095017399981	2.14225179773291E-5	6.890591631442548E-5	3.386177730463185E-5	2.625742130132142E-5	0.31389913289067095
120	120	6.53101649565036E-5	6.264432723414464E-5	1.579743739619497E-5	1.3194868893396728E-5	0.20320528244959843	2.3859279158365836E-5	7.674380270091142E-5	3.771347506229783E-5	2.9244141396918906E-5	0.7964702100536029
121	121	6.584514573586948E-5	6.315747110736703E-5	1.592684030577005E-5	1.3302953159435884E-5	8.516213439658975E-5	2.405471972673297E-5	7.737244082191108E-5	3.802240069883329E-5	2.9483691451138322E-5	0.9995876722025964
122	122	4.999135288573639E-4	4.795080017233701E-4	1.2092072774421453E-4	1.0099949182032127E-4	6.465731475787748E-4	1.8262970929556457E-4	5.874317612227298E-4	2.8867598813176886E-4	2.2384787932895324E-4	0.996869499764297
123	123	3.2051486322686557E-4	3.0743205117860395E-4	7.752718875765441E-5	6.475487546969264E-5	4.1454430016336674E-4	1.1709132263298189E-4	3.766263558295109E-4	1.8508189819230422E-4	1.4351796517836227E-4	0.9979929091793707
124	124	9.126236492309323E-5	8.753720735832974E-5	2.207484083773852E-5	1.8438093685164236E-5	1.180360025036317E-4	3.3340204282180496E-5	1.0723936974192259E-4	5.269962073967574E-5	4.086484096014187E-5	0.999428507454968
125	125	1.8659332700752428E-4	1.7897693941750054E-4	4.5133807331711056E-5	3.7698182019395E-5	2.413342064100721E-4	6.81667590508426E-5	2.1925961269136425E-4	1.0774866040494815E-4	8.355149068087267E-5	0.9988315370149858
126	126	1.0037954571143421E-4	9.628224202694628E-5	2.4280134498067358E-5	2.0280073494274718E-5	1.2982789037839317E-4	3.6670916457095244E-5	1.1795266565956375E-4	5.796435358070524E-5	4.4947270154633834E-5	0.9993714149080388
127	127	1.637821561184227E-4	1.57096877489582E-4	3.961616632905113E-5	3.3089551657076636E-5	2.1183092292135507E-4	5.9833322831002444E-5	1.9245496445236668E-4	9.457630775447027E-5	7.333725975136193E-5	0.9989743824706954
128	128	5.995206005732305E-5	5.750493006859338E-5	1.4501401369285171E-5	1.2112349936220004E-5	7.754019432859786E-5	2.1901842354546737E-5	7.04476718381681E-5	3.4619427518075556E-5	2.6844925633254594E-5	0.999624575196896
129	129	9.126236492309323E-5	8.753720735832974E-5	2.207484083773852E-5	1.8438093685164236E-5	0.9992158896634101	3.3340204282180496E-5	1.0723936974192259E-4	5.269962073967574E-5	4.086484096014187E-5	3.30653794061609E-4
130	130	1.1636367462368066E-4	1.1161392895192023E-4	2.814642814457848E-5	2.350940977772628E-5	1.5050128276630922E-4	4.2510279963137306E-5	1.3673508393096672E-4	6.719441826552167E-5	0.5211910900833808	0.4781323354101954
131	131	1.1983310248273668E-4	1.1494174131103327E-4	2.8985624760305208E-5	2.4210351901602873E-5	1.549885365844938E-4	4.377774036327807E-5	1.4081189321904258E-4	6.91978457737831E-5	0.41746906009911283	0.581834193064491
132	132	1.1807290782943111E-4	1.1325339448277303E-4	2.8559863091210808E-5	2.3854732869057282E-5	1.5271195367236415E-4	4.3134701478990296E-5	1.3874354702395262E-4	6.818141812876888E-5	5.286988348611439E-5	0.9992606175979373
133	133	1.573693179907862E-4	1.5094579931614895E-4	3.806500796157894E-5	3.179394080714089E-5	2.0353675064204842E-4	5.7490568143633444E-5	1.8491945165205473E-4	9.087320256454703E-5	7.046576271740015E-5	0.9990145401982047
134	134	8.825634036961872E-5	8.465388305609983E-5	2.1347733736928635E-5	1.7830774749438934E-5	1.141481006065145E-4	3.224203558170306E-5	1.037070902659852E-4	5.0963786323859784E-5	3.951882373383467E-5	0.9994473314315759
135	135	9.949104658094675E-4	9.543000975476355E-4	0.9904057675361235	2.0100566528605788E-4	0.0012867873228152517	3.6346327646143926E-4	0.0011690861988176676	5.745128812109678E-4	4.4549424057930203E-4	0.0036046723153484654
136	136	5.738414354123662E-5	5.5041831060179926E-5	1.388026528076744E-5	1.159354368635806E-5	7.421892821219463E-5	2.0963724420631106E-5	6.743019854600603E-5	3.313657939549025E-5	2.569508144373327E-5	0.9996406557044134
137	137	1.9567783417732192E-4	1.876906341430421E-4	4.7331197789777434E-5	3.953356064914482E-5	2.530838352076834E-4	7.148553481453471E-5	2.2993451492654132E-4	1.1299452580476156E-4	8.761928950471302E-5	0.9987746490729825
138	138	4.9595055685670236E-5	4.757067907634141E-5	1.1996215104907038E-5	1.0019883703692335E-5	0.06793209027959994	1.8118194606722875E-5	5.827750046285525E-5	2.863875626497773E-5	2.2207336668430502E-5	0.9318214860988264
139	139	0.001970441863130438	0.0018900121436228117	4.766169553602565E-4	3.980961013248436E-4	0.0025485103403327623	7.198469412697144E-4	0.0023154006987795885	0.0011378352836249792	0.9814041075826624	0.007139132089892175
140	140	4.4461170974409686E-4	4.2646349853642793E-4	1.0754414194138632E-4	8.98266483088728E-5	5.750474352568359E-4	0.38734212023892556	5.22448432856363E-4	2.5674185081306936E-4	1.9908520695272665E-4	0.6100361108366648
141	141	2.4300093578722074E-4	2.330820960228206E-4	5.877786517415839E-5	4.909443255610402E-5	3.142901138835956E-4	8.877373325504182E-5	2.855423177174851E-4	1.403213380035077E-4	1.0880930603188505E-4	0.9984783078615683
142	142	1.4333839504580817E-4	1.3748759217568842E-4	3.467116219527677E-5	2.895921838934211E-5	1.853895762042905E-4	5.2364754916600466E-5	1.6843218075144952E-4	8.277102026353972E-5	6.41830914853571E-5	0.9991024030085727
143	143	1.2164657222752487E-4	1.1668118864204815E-4	2.9424272783660604E-5	2.4576734309924122E-5	1.5733402390028344E-4	4.444024184241181E-5	1.429428412022667E-4	7.024503721851226E-5	5.447007462071942E-5	0.9992382390132526
144	144	1.7831490820314735E-4	1.7103643005103255E-4	4.3131396177356665E-5	3.6025660585080257E-5	2.3062714810029682E-4	6.51424655832784E-5	2.0953191808483954E-4	1.0296827221664611E-4	7.984463662194712E-5	0.9988833771643765
145	145	4.698600197634472E-5	4.506812201730935E-5	1.1365128616856823E-5	9.49276634526416E-6	6.077028413178987E-5	1.7165048326485706E-5	5.521168822309272E-5	2.7132153394377492E-5	2.1039072346353127E-5	0.9997057697346221
146	146	9.338278631807654E-5	8.957107715225969E-5	2.25877353352966E-5	1.8866490739806368E-5	1.2077849186710502E-4	3.411484213572093E-5	1.0973100640043919E-4	5.392406198024716E-5	4.18143088283863E-5	0.9994152291992426
147	147	1.3605980480411783E-4	1.3050610025620895E-4	3.2910592860438356E-5	2.7488696242723385E-5	1.7597566613615823E-4	4.9705721417427626E-5	1.598793514358127E-4	7.856798492055E-5	6.092393385897555E-5	0.9991479821480677
148	148	4.017573742704753E-5	3.853583961898133E-5	9.717839440038797E-6	8.116861875918985E-6	5.19620924520252E-5	1.4677104786116137E-5	4.720917285262389E-5	2.3199553585165182E-5	1.798961841276237E-5	0.9997484161795493
149	149	8.366345756966566E-5	8.024847306731855E-5	2.023679214692284E-5	1.6902856615585213E-5	1.0820780390117496E-4	3.0564151703462686E-5	9.831014644165471E-5	4.831161769045569E-5	3.7462253916398786E-5	0.9994760924469474
150	150	7.64977268541345E-5	7.337523396105605E-5	1.850352164527909E-5	1.5455135921880176E-5	9.893986295540224E-5	2.794634833963104E-5	8.988993460163205E-5	4.4173753288745656E-5	3.4253631760922655E-5	0.9995209648506713
151	151	5.8215319203529966E-5	5.583907969999639E-5	1.4081312782317388E-5	1.176146936681909E-5	0.28252135682162527	2.1267371673237253E-5	6.840688542283941E-5	3.361654331279417E-5	2.6067259627787354E-5	0.7171893879372854
152	152	5.465304156920511E-5	5.242220751827487E-5	1.321965735772014E-5	1.1041768438516423E-5	0.9995304305903469	1.996599115194221E-5	6.422097145191974E-5	3.155949953076475E-5	2.4472167180805195E-5	1.9801410545401847E-4
153	153	4.7064366245752056E-4	4.5143287605077916E-4	1.1384083623950824E-4	9.508598586102094E-5	0.9959563116636916	1.719367656500074E-4	5.53037714697696E-4	2.717740498610195E-4	2.1074161765841513E-4	0.0017051948278326056
154	154	4.999135288573639E-4	4.795080017233701E-4	1.2092072774421453E-4	1.0099949182032127E-4	0.9957048300719745	1.8262970929556457E-4	5.874317612227298E-4	2.8867598813176886E-4	2.2384787932895324E-4	0.0018112428399013312
155	155	3.102654241542539E-5	2.97600974872814E-5	7.5048020741411735E-6	6.268414107660026E-6	0.999733425354065	1.1334697091969238E-5	3.6458258085960564E-5	1.7916334071928425E-5	1.3892854107143828E-5	1.1241264649364648E-4
156	156	1.4594078790842758E-4	1.3998376027121086E-4	3.530063753582926E-5	2.9484990030774092E-5	0.9987461021810524	5.331546783901198E-5	1.7149016605177967E-4	8.427377681593953E-5	6.534837325880631E-5	5.287598592358129E-4
157	157	5.021468615557907E-5	4.816501739943503E-5	1.2146093359902701E-5	1.0145070078864502E-5	0.9995685641666596	1.8344559619985825E-5	5.9005607619862535E-5	2.8996563021250818E-5	2.2484790585258328E-5	1.8193344550020244E-4
158	158	2.2279545610465133E-4	2.1370136590216128E-4	5.3890497326319355E-5	4.501224021258054E-5	0.9980857802641414	8.139221491718151E-5	2.617995305530505E-4	1.2865364654019798E-4	9.976183378582404E-5	8.072129505165657E-4
159	159	1.235157729119706E-4	1.184740920809032E-4	2.9876401189906742E-5	2.4954376258664184E-5	0.3535738672140512	4.512310309322784E-5	1.4513927675913676E-4	7.13244105970089E-5	0.6454202138407911	4.4751151226698815E-4
160	160	2.968426883338376E-4	2.847261298058686E-4	7.180128527611454E-5	5.997229309001121E-5	3.839274199488939E-4	1.0844334219326673E-4	3.4880997042148265E-4	1.714123571936995E-4	1.3291819973288598E-4	0.998141146314004
161	161	2.1109384831865562E-4	2.0247739567027265E-4	5.106007396791552E-5	4.264811847623223E-5	0.21036003212799417	7.711735315632515E-5	2.4804936042547557E-4	1.2189653156858751E-4	9.452216745068536E-5	0.7885911030229716
162	162	9.675483949531329E-5	9.28054894803627E-5	2.3403378642881497E-5	1.9547759874631453E-5	0.9991686992789711	3.5346729364089277E-5	1.1369339393847693E-4	5.587126029911769E-5	4.332422386196059E-5	3.5055364607203965E-4
163	163	3.452777281999074E-6	3.311841427199329E-6	8.35169119412138E-7	6.97578142459426E-7	4.465718461777418E-6	0.9999671299983595	4.0572437487549086E-6	1.9938126018677833E-6	1.5460611240853296E-6	1.2509799732943717E-5
164	164	7.796043059311707E-6	7.477823289288323E-6	1.8857325234064188E-6	1.575065169769563E-6	1.0083168005155259E-5	0.9999257826592277	9.160870911749993E-6	4.501839425727465E-6	3.4908591291236153E-6	2.8245939258766668E-5
165	165	1.5917254243013932E-6	1.526754195357683E-6	3.850117781677593E-7	0.9999845870651821	2.0586898698741883E-6	5.814932678116509E-7	1.8703836071760893E-6	9.191447783877979E-7	7.127319829056007E-7	5.7669999138538795E-6
166	166	9.281296045164055E-6	8.902451050268425E-6	2.244990398151346E-6	1.8751366584099574E-6	1.200414962013237E-5	0.9999116432392493	1.0906142297653016E-5	5.359501498399477E-6	4.155915607810962E-6	3.362717757455287E-5
167	167	1.1482039289735812E-5	0.5928008656279073	2.77731340873286E-6	0.4070989652920129	1.4850524852080698E-5	4.194648427294334E-6	1.34921624902105E-5	6.630324738977013E-6	5.141349447480994E-6	4.1600717425139974E-5
168	168	1.5129342468498678E-6	1.4511791251259027E-6	3.6595350915263845E-7	0.9999853500129015	1.956783726780377E-6	5.527090701406713E-7	1.7777987150549399E-6	8.736466678268125E-7	6.774514054371971E-7	5.481530632130982E-6
169	169	4.859705995856279E-6	4.661341965204147E-6	1.17548166176861E-6	9.818254710960148E-7	6.285397815158477E-6	0.999953736215513	5.710478887609851E-6	2.8062461793946875E-6	2.176046093053444E-6	1.760726041789456E-5
