0	0	1.322431791197696E-5	3.22879938848288E-6	0.9998583789961822	4.967652010328311E-5	1.3118302515054689E-5	3.2212756560105377E-6	3.2316544172163932E-6	1.6780201577099192E-5	1.3128487985238537E-5	3.2289706604790414E-6	9.834783147221073E-6	6.482852808726905E-6	3.234066140460983E-6	3.2307715063567887E-6
1	1	4.976912042182816E-7	0.9999941684940198	6.231781605951199E-7	1.869553293874241E-6	4.937013628585138E-7	1.212312476930805E-7	1.2162184766180614E-7	6.315152725093196E-7	4.940846884073301E-7	1.2152084569472307E-7	3.7012760131341937E-7	2.4397922392829303E-7	1.2171261177182152E-7	1.215886197122167E-7
2	2	3.0851092169193546E-4	7.532485848642886E-5	3.862983052020417E-4	0.0011589065769230832	3.0603768201063557E-4	7.51493368712457E-5	7.539146362643653E-5	3.914663492805753E-4	0.9966160919311928	7.53288541013065E-5	2.2943625777791825E-4	1.5123886982496907E-4	7.544772686556967E-5	7.537086614497235E-5
3	3	8.912710634090057E-5	2.176093681097295E-5	1.1159945307035795E-4	3.3480172810132546E-4	8.841260101683341E-5	2.171022958292487E-5	2.1780178669133943E-5	1.1309247254479287E-4	8.848124739165972E-5	2.1762091122107685E-5	6.628287139166565E-5	0.9989776184229782	2.1796432809084005E-5	2.177422817016702E-5
4	4	9.968718786553862E-6	2.433924633105795E-6	0.20453354705196383	0.7953971436113867	9.888802552991006E-6	2.4282531138833086E-6	2.436076802976586E-6	1.2649205185266337E-5	9.896480535980183E-6	2.4340537408886765E-6	7.413629056255015E-6	4.886886190651038E-6	2.4378948015286727E-6	2.435411249552086E-6
5	5	4.5749830823599593E-5	1.1170105465526482E-5	5.7285110081399845E-5	0.8779521192509119	0.12171789465901357	1.1144076940648087E-5	1.1179982502846981E-5	5.805149183860037E-5	4.541830499630909E-5	1.1170697984921534E-5	3.4023657640947405E-5	2.2427577832573064E-5	1.1188325914671148E-5	1.1176928052498155E-5
6	6	1.2355242372577106E-5	3.016609195473509E-6	1.547047074609855E-5	0.9998986274518331	1.2256194094025565E-5	3.0095799075464523E-6	3.019276597468683E-6	1.5677440524776938E-5	1.2265710195622467E-5	3.016769211819024E-6	9.188461006038217E-6	6.056812778602438E-6	3.021529827118849E-6	3.0184517097325895E-6
7	7	5.1076651834155164E-5	1.247068191384845E-5	6.39550260675412E-5	0.9995809252305925	5.0667185610361914E-5	1.244162279211975E-5	1.2481708970938939E-5	6.481064047047768E-5	5.0706525235876844E-5	1.2471343422455175E-5	3.798515719438965E-5	2.5038903178781652E-5	1.2491023836877899E-5	1.2478298879705746E-5
8	8	0.24995707150151034	5.266122441023759E-6	0.7498335154666945	8.102164483832694E-5	2.1395750850636723E-5	5.253851348383508E-6	5.270778949240699E-6	2.7368252238051016E-5	2.141236319679204E-5	5.266401783031107E-6	1.604038095984599E-5	1.0573433821768602E-5	5.274712432982419E-6	5.269338935126546E-6
9	9	3.9561054315369615E-5	9.659077226623314E-6	4.953590670379397E-5	0.9996754086432963	3.924390518875122E-5	9.636569692323713E-6	9.667618154597841E-6	5.0198616702434626E-5	3.9274375413518425E-5	9.659589593369783E-6	2.9421131044854792E-5	1.9393702857998747E-5	9.674832917197162E-6	9.664976892893084E-6
10	10	5.058582734532013E-5	1.2350844065125252E-5	6.334044598347545E-5	0.9995849523575104	5.018029591448553E-5	1.23220641889629E-5	1.2361765156975942E-5	6.418783830280071E-5	5.021925750324804E-5	1.2351499216920948E-5	3.762013629552981E-5	2.4798290170442347E-5	1.237099051109005E-5	1.2358387835241654E-5
11	11	1.6946582930806945E-4	4.137613521398169E-5	2.1219463574367507E-4	6.365903128219142E-4	1.6810727249792307E-4	4.127972074698202E-5	4.141272158578882E-5	2.1503345542262276E-4	0.9981412107421102	4.137833001533628E-5	1.2602991649190385E-4	8.307589357921105E-5	4.1443627125297645E-5	4.140140733714296E-5
12	12	2.0241679528787198E-5	4.9421318301205405E-6	2.5345379844352378E-5	0.9998339206491356	2.0079408045002445E-5	4.930615698810089E-6	4.946501853365135E-6	2.5684459872555665E-5	2.0094998340447835E-5	4.942393986012558E-6	1.5053519586130846E-5	9.922918509672366E-6	4.950193335175695E-6	4.945150434048725E-6
13	13	4.0473559750840483E-5	9.881871098613283E-6	5.067848960256744E-5	0.9996679216998257	4.0149095341378846E-5	9.85884441112773E-6	9.890609029507363E-6	5.135648550514483E-5	4.0180268384769085E-5	9.882395283483642E-6	3.0099751533128804E-5	1.984103318268515E-5	9.897990206025662E-6	9.88790684511731E-6
14	14	3.2771727074630617E-4	8.001420794811844E-5	4.103473082264172E-4	0.9973111385586743	3.250900595156243E-4	7.982775923385784E-5	8.008495959146797E-5	4.158370889162718E-4	3.2534246984878E-4	8.001845231002131E-5	2.4371981321396057E-4	1.6065424646225852E-4	8.01447254988496E-5	8.00630798136868E-5
15	15	3.004521702769814E-6	7.335726425482216E-7	3.7620763484078334E-6	1.1286342612288458E-5	2.9804353519273074E-6	0.9999647939588523	7.342212957225453E-7	3.8124068213443157E-6	2.982749457382423E-6	7.336115549846108E-7	2.2344305093496617E-6	1.4728829183727936E-6	7.347692313421876E-7	7.340207012679239E-7
16	16	3.219515893603756E-6	7.860648101225738E-7	4.031278784068661E-6	1.2093958045775475E-5	0.17063882419351514	7.842331257638674E-7	7.867598788925038E-7	4.085210748481572E-6	3.1961856943246076E-6	7.861065070113993E-7	0.8293282543232225	1.5782778206418534E-6	7.873470230740497E-7	7.865449305251057E-7
17	17	6.574964059080165E-5	1.6053183290480423E-5	0.9992958782325791	2.46985391937263E-4	6.522254540970216E-5	1.601577624164429E-5	1.606737813322047E-5	8.342904564750734E-5	6.527318628269795E-5	1.6054034833241708E-5	4.8897301284069825E-5	3.223192644142519E-5	1.607936891698654E-5	1.6062988411793693E-5
18	18	3.785415611218811E-5	9.2423274243788E-6	4.739863428755243E-5	0.9996894134369783	3.755069067736544E-5	9.220790998420948E-6	9.250499846132613E-6	4.8032751051622224E-5	3.757984623616113E-5	9.24281768458908E-6	2.8151729190301082E-5	1.8556943647855717E-5	9.25740332114038E-6	9.247972544101987E-6
19	19	3.785415611218811E-5	9.2423274243788E-6	4.739863428755243E-5	1.421973337011838E-4	3.755069067736544E-5	9.220790998420948E-6	9.250499846132613E-6	4.8032751051622224E-5	0.9995847959495132	9.24281768458908E-6	2.8151729190301082E-5	1.8556943647855717E-5	9.25740332114038E-6	9.247972544101987E-6
20	20	1.2326311644858913E-5	3.0095455785379037E-6	0.999867995866393	4.63032023504664E-5	1.2227495295288715E-5	3.0025327502163276E-6	3.0122067346110223E-6	1.5640730620635585E-5	1.2236989114219205E-5	3.0097052201931308E-6	9.166945534669971E-6	6.04263029670093E-6	3.0144546881547767E-6	3.0113837784115004E-6
21	21	3.494737616158251E-4	8.53261903794705E-5	4.375894411919114E-4	0.99713263045239	3.4667213511242214E-4	8.512736370984551E-5	8.540163908220612E-5	4.434436773869107E-4	3.469413024602331E-4	8.533071651602864E-5	2.5989988171884926E-4	1.7131975895827632E-4	8.546537272804504E-5	8.537830674995798E-5
22	22	4.0473559750840483E-5	9.881871098613283E-6	5.067848960256744E-5	0.8458962471304151	0.15381182366475205	9.85884441112773E-6	9.890609029507363E-6	5.135648550514483E-5	4.0180268384769085E-5	9.882395283483642E-6	3.0099751533128804E-5	1.984103318268515E-5	9.897990206025662E-6	9.88790684511731E-6
23	23	7.019691965004248E-7	1.7139014106290181E-7	8.789624348629389E-7	2.6369138381236763E-6	6.963417196438074E-7	1.7099076859821604E-7	1.7154169082443882E-7	8.907215250416314E-7	0.9999923004371609	1.713992324705894E-7	5.220469493824072E-7	3.441208089115149E-7	1.7166970917967308E-7	1.7149482442037751E-7
24	24	2.87646452810551E-6	7.023066876612416E-7	3.6017310702877308E-6	1.080530193753127E-5	2.853404773287928E-6	7.006701760680011E-7	7.029276942744625E-7	3.6499163837607874E-6	2.8556202481336576E-6	7.023439415918333E-7	2.1391957644159644E-6	0.9999670039288694	7.0345227606468E-7	7.027356494532448E-7
25	25	3.484713270357993E-5	8.508143974805607E-6	4.3633425457739474E-5	0.9997140855248366	3.4567773675026384E-5	8.488318339514997E-6	8.515667203286008E-6	4.4217169841357904E-5	3.45946132015341E-5	8.508595290179176E-6	2.5915438189198104E-5	1.7082834338010122E-5	8.52202228643721E-6	8.513340662734363E-6
26	26	1.3814281841495804E-5	3.3728427476592503E-6	1.729738977695539E-5	0.9998866562946206	1.3703536880404396E-5	3.3649833660590225E-6	3.375825145076859E-6	1.7528800765839036E-5	1.3714176745291521E-5	3.3730216604502365E-6	1.027353298294949E-5	6.772066161202718E-6	3.3783444602389876E-6	3.3749028457539996E-6
27	27	9.085285866286351E-8	2.218228996346941E-8	1.1376033344864961E-7	3.4128443446742374E-7	9.012451849917588E-8	2.213060090037544E-8	0.3603489514654622	1.1528226199385461E-7	9.019449406155932E-8	2.218346662532552E-8	6.756629485178584E-8	4.453807855223917E-8	0.639650006239067	2.2195838680889645E-8
28	28	1.6488444597980272E-7	4.025756200762251E-8	2.0645811074324884E-7	6.193805646502246E-7	0.12478849102750857	4.016375403441287E-8	4.029315929393361E-8	2.0922018503227227E-7	1.6368961200169338E-7	0.345109927811951	1.2262279093369337E-7	8.082999825400794E-8	4.032322932504506E-8	0.5300998530371281
29	29	0.9998994860082218	2.238892833709139E-6	1.1482006399609244E-5	3.44463658100195E-5	9.096407041003825E-6	2.2336757766274393E-6	2.240872548953851E-6	1.1635617001530342E-5	9.103469782741178E-6	2.2390115960101316E-6	6.81957063914794E-6	4.495297152007247E-6	2.2425448702223886E-6	2.240260326713156E-6
30	30	0.5080178668997005	2.8253411070526696E-7	1.4489565638795676E-6	4.346913431778182E-6	1.1479090179074764E-6	2.818757511085574E-7	2.8278393824399185E-7	0.49197091721171377	1.1488002912305493E-6	2.8254909775627316E-7	8.605866689614512E-7	5.672780599749268E-7	2.829949746077275E-7	2.827066796705914E-7
31	31	0.9999541347597256	1.0216225218982873E-6	5.23932014869497E-6	1.5718118607205672E-5	4.1507544092889605E-6	1.0192419421168675E-6	1.022525879866338E-6	5.30941374503069E-6	4.1539771879394585E-6	1.0216767139701988E-6	3.1118179707992846E-6	2.05123565718307E-6	1.0232889718044892E-6	1.0222465185587827E-6
32	32	2.6884279500739827E-6	6.563963887557123E-7	3.366283290963719E-6	1.0098951492017873E-5	2.6668756281983954E-6	6.548668571154298E-7	6.56976799715017E-7	0.4693448044228515	2.668946275842317E-6	6.564312073697693E-7	0.530628449230083	1.3179267772602682E-6	6.574670892121203E-7	6.567973090034217E-7
33	33	6.064204342042639E-6	1.4806131704901962E-6	7.593221811671018E-6	2.2779894654155585E-5	6.015589431646605E-6	1.4771630529543931E-6	1.4819223856616453E-6	0.6900498044534296	6.0202601279294515E-6	1.480691709768343E-6	0.309889864633107	2.972806946504199E-6	1.4830283166192186E-6	1.4815175139772162E-6
34	34	1.2219206744583968E-6	2.9833952516315864E-7	1.5300135341916915E-6	4.590086789608598E-6	1.2121249022928688E-6	2.976443358673294E-7	2.986033284578823E-7	0.999986934755818	1.21306603488508E-6	2.983553506140029E-7	9.087292771085482E-7	5.99012510828989E-7	2.9882617053663837E-7	2.985217479151098E-7
35	35	7.382393223714849E-6	1.8024571766142058E-6	9.243776444011155E-6	2.773160837702422E-5	7.323210787761793E-6	1.7982570997565132E-6	1.8040509786474062E-6	0.9999210646221715	7.328896763141854E-6	1.8025527881408107E-6	5.4902065230142314E-6	3.619012259387799E-6	1.805397308148621E-6	1.80355809915143E-6
