0	0	4.812976012821803E-5	1.6582947278341303E-5	2.0766117406100068E-5	2.574560857836708E-5	8.200700100566417E-6	0.9998354764631534	1.6580933974589593E-5	4.065492129095202E-6	4.066014943706507E-6	4.073958349636258E-6	4.070011876116951E-6	4.054334187769098E-6	8.187657894118383E-6
1	1	1.811465197750467E-6	6.241342527122685E-7	7.815766975222451E-7	9.689903670904613E-7	3.0865067246938765E-7	2.427435585815031E-6	6.240584777724183E-7	1.5301338473255077E-7	0.9999915334066067	1.5333202882771655E-7	1.5318349495979317E-7	1.5259343203931202E-7	3.081598014777278E-7
2	2	0.4691989935633106	3.8625352574281607E-4	4.8368881173321246E-4	5.99672176415642E-4	1.9101244635447436E-4	0.0015022497955530067	0.5269738947346786	9.469430508252566E-5	9.470648259135669E-5	9.489150208730478E-5	9.479957998892883E-5	9.443441194622725E-5	1.907086645152474E-4
3	3	0.9987813654455858	1.117176192211615E-4	1.3989920839383335E-4	1.7344553097215033E-4	5.524727756799925E-5	4.3450158885127E-4	1.1170405579976634E-4	2.7388804535252475E-5	2.7392326683799937E-5	2.744584059686279E-5	2.7419253608524944E-5	2.7313634626101894E-5	5.515941355750046E-5
4	4	0.11933386419611447	1.250072953582988E-5	1.5654130284909857E-5	1.9407822033774213E-5	6.1819369163361185E-6	0.8805783946383382	1.2499211846287052E-5	3.064691498009013E-6	3.065085611548881E-6	3.071073592301302E-6	3.0680986206477646E-6	3.056280302800278E-6	6.172105304824559E-6
5	5	0.6431350003899383	0.12170005270544763	0.234668451742059	8.905200464059143E-5	2.8365566934990582E-5	2.230858142602735E-4	5.73521268590709E-5	1.4062212701030522E-5	1.4064021075031485E-5	1.4091496681971016E-5	1.4077846145139248E-5	1.4023618272791347E-5	2.832045498412725E-5
6	6	4.4966978600095994E-5	1.549322152043108E-5	1.940150032993226E-5	2.4053771032844398E-5	7.66180228086726E-6	0.999846287902934	1.5491340518188863E-5	3.798333859983257E-6	3.7988223185456042E-6	3.80624373439109E-6	3.802556597995318E-6	3.7879091475497142E-6	7.649617125223759E-6
7	7	1.8585522350834818E-4	6.403579333519912E-5	8.018929206440287E-5	9.941782015833244E-5	3.166737058434068E-5	0.9993646849967348	6.402801887262614E-5	1.569907986891092E-5	1.5701098740938925E-5	1.5731772558563582E-5	1.5716533074384842E-5	1.5655992978938236E-5	3.161700752024097E-5
8	8	7.849539376539228E-5	2.7045324409189707E-5	3.386770593553221E-5	0.1884961630979724	1.3374618569279914E-5	0.8112775023411168	2.7042040888342343E-5	6.630459089621193E-6	6.631311754140429E-6	6.644266748610235E-6	6.637830398375838E-6	6.612261471439211E-6	1.335334788087464E-5
9	9	1.3874915006634455E-4	4.780555386802932E-5	5.986485560282357E-5	7.421980285530001E-5	2.3641093699020354E-5	0.9995257092318233	4.779974988763069E-5	1.1720057943581061E-5	1.1721565120902693E-5	1.1744464483343909E-5	1.1733087533924165E-5	1.1687891673245143E-5	2.3603495442664336E-5
10	10	0.999308197401128	6.342060385292562E-5	7.94189165212945E-5	9.846271686177742E-5	3.136314333423437E-5	2.466607624841279E-4	6.34129040793251E-5	1.554825939314714E-5	1.5550258869946745E-5	1.5580638005347585E-5	1.5565544926325923E-5	1.5505586437322136E-5	3.131326410621625E-5
11	11	6.162531739610725E-4	2.123279622978108E-4	2.6588924873645006E-4	3.296466252836392E-4	1.0500171727874452E-4	8.258038223435047E-4	0.9972799399349269	5.205453801544712E-5	5.206123213074609E-5	5.2162939454930325E-5	5.211240883051526E-5	5.1911671798396275E-5	1.0483472494182772E-4
12	12	0.8805341585658378	2.538158015523985E-5	3.178426998585808E-5	3.9405795411937E-5	1.255185362637357E-5	9.87161826566977E-5	2.537849862638415E-5	6.22257386537672E-6	6.223374076626291E-6	6.235532120122872E-6	6.229491714139573E-6	6.2054957080755835E-6	0.11920150678621537
13	13	0.6074137059676198	5.0745372375728305E-5	6.354626489990536E-5	7.878397442988561E-5	2.5094910654901402E-5	0.3922301181703543	5.073921147761586E-5	1.2440786822676555E-5	1.2442386684371152E-5	1.2466694250756727E-5	1.24546176720312E-5	1.2406642476799077E-5	2.5055000281208603E-5
14	14	0.9955248412793676	4.1025759206885355E-4	5.137480799189922E-4	6.369393331849625E-4	2.0288308345111646E-4	0.0015956084352220744	4.1020778348323754E-4	1.0057916626412291E-4	1.0059210055499005E-4	1.0078861825084146E-4	1.0069098357251688E-4	1.0030312183944625E-4	2.025604228213246E-4
15	15	1.0787752828436477E-5	3.7168840220513838E-6	4.6544952891206965E-6	5.770593101258011E-6	1.8380961274140488E-6	1.4456018884184332E-5	3.716432762307223E-6	9.112350466280372E-7	9.113522297344318E-7	9.131326562222806E-7	9.122480978792339E-7	0.9999495765860935	1.8351728612451751E-6
16	16	1.1520734934998892E-5	0.21346190022894554	4.970748527052826E-6	0.7173450681522615	0.06915030676673606	1.543824413004874E-5	3.9689486252803585E-6	9.731496079526428E-7	9.732747531547161E-7	9.751761520803283E-7	9.742314917449597E-7	9.704787514161494E-7	1.9598650831688972E-6
17	17	2.3922777518925895E-4	8.24251268427264E-5	1.0321746988029701E-4	1.2796790685614187E-4	4.0761375806288925E-5	0.9991822398536533	8.241511976652202E-5	2.0207427473187735E-5	2.0210026110204952E-5	2.0249508611737E-5	2.0229892763302435E-5	2.0151967203449737E-5	4.069654984364523E-5
18	18	1.3775160903269814E-4	4.7461854453677956E-5	5.943445548931961E-5	7.368619743269449E-5	2.3471125371043024E-5	0.9995291191590402	4.745609220116453E-5	1.1635796247492507E-5	1.1637292588919126E-5	1.1660027315730729E-5	1.1648732161218402E-5	1.1603861237488952E-5	2.3433797428440216E-5
19	19	1.3775160903269814E-4	4.7461854453677956E-5	5.943445548931961E-5	7.368619743269449E-5	2.3471125371043024E-5	1.8459264808647606E-4	0.9993919826031549	1.1635796247492507E-5	1.1637292588919126E-5	1.1660027315730729E-5	1.1648732161218402E-5	1.1603861237488952E-5	2.3433797428440216E-5
20	20	4.353650750116664E-5	1.5000357505452771E-5	1.8784307750803155E-5	2.3288582324286723E-5	7.418068165974599E-6	0.9998511777291855	1.4998536340883182E-5	3.6775028195188383E-6	3.6779757394375365E-6	3.6851610682429186E-6	3.6815912255194403E-6	3.6674097337659197E-6	7.406270639509812E-6
21	21	0.0012696187120721295	4.374428650755717E-4	5.477910375126473E-4	6.791454251527723E-4	2.1632691025332156E-4	0.9956600207356052	4.373897559782181E-4	1.0724393529347796E-4	1.072577266610578E-4	1.0746726638822722E-4	1.073631620541632E-4	1.0694959908531724E-4	2.1598286886792884E-4
22	22	0.8457081256658295	0.1537890806615433	6.354626489990536E-5	7.878397442988561E-5	2.5094910654901402E-5	1.9736318297702135E-4	5.073921147761586E-5	1.2440786822676555E-5	1.2442386684371152E-5	1.2466694250756727E-5	1.24546176720312E-5	1.2406642476799077E-5	2.5055000281208603E-5
23	23	2.5549806120654677E-6	8.80309992698784E-7	1.1023746476009149E-6	1.3667122085860623E-6	4.3533625986276607E-7	3.4237758840175792E-6	0.9999887226532478	2.1581768828000142E-7	2.1584544202720545E-7	2.162671197602798E-7	2.1605762020530595E-7	2.152253661141977E-7	4.346439110015935E-7
24	24	0.9999606519371924	3.6072109410497815E-6	4.517156368714034E-6	5.600321787741948E-6	1.7838599273403772E-6	1.4029469085847923E-5	3.606772996503561E-6	8.843474831508268E-7	8.844612085673276E-7	8.861891004973961E-7	8.853306425756249E-7	8.819203483746291E-7	1.7810229171874098E-6
25	25	0.2781046693375548	4.369232741065394E-5	5.4714037590919606E-5	6.783387419085318E-5	2.16069958962307E-5	0.7215886593020662	4.368702280917266E-5	1.0711655184592226E-5	1.0713032683223126E-5	1.0733961766986886E-5	1.0723563699006036E-5	1.0682256524784283E-5	2.1572632622638854E-5
26	26	5.027676846993703E-5	1.7322691794874035E-5	2.1692467904777768E-5	2.6894087944005523E-5	8.566523064922498E-6	0.9998281372741552	1.7320588680162583E-5	4.246848643050542E-6	4.247394779767103E-6	4.255692531090377E-6	4.251570010328288E-6	4.235192959931423E-6	8.552899061973428E-6
27	27	3.3066413092108287E-7	1.139292162540408E-7	1.4266869700577253E-7	1.7687911310841844E-7	0.16191475394803784	4.431031185954949E-7	1.1391538432690122E-7	2.793100190095504E-8	2.7934593775059947E-8	0.6107439241324759	2.7962053753633056E-8	2.7854343904704158E-8	0.22733988907783267
28	28	5.930045956162255E-7	0.09616211186536286	2.558583924398911E-7	3.172104777425878E-7	1.0104045467816833E-7	7.946498004699559E-7	2.0429293685127036E-7	0.30241331003532024	5.009718604536662E-8	5.019505639021435E-8	0.6014220609173865	4.9953267980271296E-8	1.00879762242967E-7
29	29	3.337454664168416E-5	1.1499088005491835E-5	0.8500536009277311	1.7852738347920555E-5	5.686599045407525E-6	0.1498467135827209	1.1497691923321754E-5	2.8191280472295023E-6	2.8194905817732745E-6	2.8249987657116535E-6	2.822262168558678E-6	2.8113908128817473E-6	5.677555207951223E-6
30	30	4.211837448513669E-6	1.451174453551794E-6	0.9999817757517322	2.2529993512593057E-6	7.176436303771428E-7	5.644030101647493E-6	1.450998269250977E-6	3.5577139695573866E-7	3.5581714848561664E-7	3.565122762916672E-7	3.5616692021854524E-7	3.547949650142453E-7	7.165023063110611E-7
31	31	1.522944679770318E-5	5.247254768189638E-6	6.570913285014289E-6	0.9999356791643493	2.594904390813123E-6	2.040806588773004E-5	5.246617709075015E-6	1.286422286784598E-6	1.2865877182616449E-6	1.2891012084115528E-6	1.2878524465573338E-6	1.282891638110158E-6	2.590777514038839E-6
32	32	9.785056404347595E-6	3.3714083352299435E-6	5.149233208025112E-4	0.9994479718351936	1.6672493863549275E-6	1.3112365699665289E-5	3.3709990190248125E-6	8.265378777839467E-7	8.266441689943539E-7	8.282591089994188E-7	8.274567682879378E-7	8.242694042876842E-7	1.6645978309473965E-6
33	33	2.2071451937751958E-5	7.604644670264969E-6	9.522972087154295E-6	0.9999067822849038	3.7606952048666013E-6	2.9576625557498325E-5	7.60372140497394E-6	1.8643623797747746E-6	1.8646021332565088E-6	1.8682448379309865E-6	1.8664350553687433E-6	1.8592455463426674E-6	3.7547142809639446E-6
34	34	4.4105963242006735E-6	1.5196561569269903E-6	0.9999809157396495	2.359319603038699E-6	7.515096194760422E-7	5.910374919333403E-6	1.5194716583942088E-6	3.725604406272772E-7	3.726083511964701E-7	3.733362824577533E-7	3.729746288456962E-7	3.7153793033702315E-7	7.503144357131081E-7
35	35	2.6868980208356666E-5	9.257616930376986E-6	1.1592918728505863E-5	0.9998865201551284	4.578133115764308E-6	3.600550471150111E-5	9.256492980901361E-6	2.2696067311136454E-6	2.269898598253776E-6	2.274333094003284E-6	2.272129930750432E-6	2.2633776848051156E-6	4.5708521572473325E-6
