0	0	3.4035900004463885E-6	3.407422511603005E-6	6.833227856446242E-6	6.841264009739451E-6	0.9998888200951233	3.3952889994306615E-6	3.4022113526739874E-6	1.0417473497891436E-5	3.23433955712289E-5	3.3955833297787804E-6	1.3834818558656807E-5	1.3666025224939138E-5	3.4004940114646644E-6	6.839109952418517E-6
1	1	0.9999933237776348	1.2823959171975872E-7	2.57171028087885E-7	2.5747347165448386E-7	2.6200213597907827E-6	1.2778294255405955E-7	1.2804346784866015E-7	3.920654229323975E-7	1.2172555146188139E-6	1.277940197842959E-7	5.206784534168142E-7	5.14325854604292E-7	1.279788350845174E-7	2.5739240291985034E-7
2	2	7.936247515170135E-5	7.945183890332705E-5	1.5933231555269705E-4	1.5951969682246337E-4	0.0016232546611367582	7.916891835233406E-5	7.933032882985713E-5	2.429071896178698E-4	7.541601447314903E-4	7.917578133669349E-5	0.7032291776229703	0.29319639927144164	7.929028509690632E-5	1.5946947005584768E-4
3	3	2.2935984380961106E-5	2.296181076310951E-5	0.9988277072522309	4.610165279978968E-5	4.69125282231786E-4	2.2880045907285346E-5	2.2926694001164923E-5	7.020087889709906E-5	2.179544585427917E-4	2.2882029329573698E-5	9.322955536159372E-5	9.20920971879444E-5	2.291512124676482E-5	4.6087137119269357E-5
4	4	2.5656990965595215E-6	2.568588125617309E-6	5.151033624957799E-6	5.157091449561084E-6	0.9999161902046191	2.5594416240661255E-6	2.5646598423180706E-6	7.852914815964133E-6	2.4381144845849754E-5	2.559663496591359E-6	1.0428982771824835E-5	1.0301742738869074E-5	2.563365273704146E-6	5.1554676749814396E-6
5	5	1.1774142552472642E-5	1.1787400475044405E-5	2.3638393245006948E-5	0.12168665701005907	0.6867677012962743	1.1745426646833428E-5	1.176937335424378E-5	3.6037483358657435E-5	0.1912965863488393	1.1746444832771164E-5	4.7859209210232584E-5	4.727529728992542E-5	1.176343250349291E-5	2.36587413587562E-5
6	6	3.1799176474714225E-6	3.1834982990362284E-6	6.384171374065884E-6	6.391679418710366E-6	0.9998961264601449	3.1721621599955144E-6	3.178629599739313E-6	9.732872588550967E-6	3.0217897673518525E-5	3.172437147954712E-6	1.2925641360583404E-5	1.2767940550381837E-5	3.177025116350438E-6	6.389666918706662E-6
7	7	1.3144929498342652E-5	1.3159730954730973E-5	2.6390457842253774E-5	2.642149409176187E-5	0.9995706145537374	1.311287038631591E-5	1.3139605053339322E-5	4.023309348736961E-5	1.2491271112709002E-4	1.3114007113029392E-5	5.343114609928198E-5	5.2779253106524926E-5	1.3132972547920577E-5	2.6413174954728516E-5
8	8	5.551124027348297E-6	5.557374705239519E-6	1.1144731102538658E-5	1.1157837758636348E-5	0.7580866919612996	5.537585414829338E-6	5.548875506000655E-6	1.6990497513162542E-5	0.2417847287324441	5.538065456275931E-6	2.2564055513411308E-5	2.2288760095827673E-5	5.546074588719496E-6	1.1154324574219613E-5
9	9	9.812808335389415E-6	9.823857755977143E-6	1.9700714615613704E-5	1.972388345557672E-5	0.876555265825651	9.788875919337974E-6	9.808833589209408E-6	3.0034366877444227E-5	0.12321744253359779	9.78972449607401E-6	3.9886832095870137E-5	3.9400188101779875E-5	9.803882364140775E-6	1.9717673144807505E-5
10	10	1.3018623351462936E-5	1.3033282584576126E-5	2.6136878920825028E-5	2.6167616951229743E-5	0.9803572699884409	1.298687228695467E-5	1.3013350067641774E-5	3.984650434544369E-5	1.2371245796173442E-4	1.2987998091162158E-5	5.2917740364544616E-5	0.019269742527590866	1.3006781292211363E-5	2.6159377750581305E-5
11	11	4.360437353247561E-5	4.3653472938696266E-5	8.754245365802625E-5	8.764540713653436E-5	8.918698975459303E-4	4.3498027013377906E-5	4.358671127808257E-5	1.3346125873185308E-4	4.1436057269280866E-4	4.3501797764390696E-5	0.9978610141146861	1.7507939221067366E-4	4.3564709924346006E-5	8.761781088668638E-5
12	12	5.209610928031424E-6	5.21547705526787E-6	1.0459091285966366E-5	1.0471391601812325E-5	0.9998298255526231	5.19690523034179E-6	5.2075007389369485E-6	1.59452177759293E-5	4.950552416578335E-5	5.197355738951174E-6	2.117588250672313E-5	2.0917523657449542E-5	5.204872138097813E-6	1.0468094553531754E-5
13	13	1.0416339340793876E-5	1.0428068349496294E-5	2.091239548135191E-5	2.093698930719043E-5	0.9996597452639944	1.0390934975568703E-5	1.0412120130187759E-5	3.1881612947955706E-5	9.898365656828963E-5	1.039183574351781E-5	4.234004824505361E-5	4.182347349831957E-5	1.0406864382933274E-5	2.093039703490986E-5
14	14	8.430041843716132E-5	8.439534241276516E-5	1.692459924665825E-4	1.6944503262275698E-4	0.9972462862737045	8.409481850914962E-5	8.426627196708836E-5	2.5802090581271805E-4	8.01084084738653E-4	8.410210850926771E-5	3.426620108015399E-4	3.384813225694272E-4	8.422373670798654E-5	1.6939168074034207E-4
15	15	7.628484649253866E-7	7.637074477206853E-7	1.531535049783242E-6	1.533336197160813E-6	1.5603058297566318E-5	7.609879570847356E-7	7.625394678556129E-7	2.334873961089649E-6	7.249142716587656E-6	0.9999602391835045	3.100805355112816E-6	3.062973614069014E-6	7.621545592429088E-7	1.532853407130163E-6
16	16	8.146813850299213E-7	8.155987327412512E-7	1.6355975700905666E-6	1.63752109921551E-6	1.6663232252564385E-5	0.9999575375028136	8.143513926758067E-7	2.493520587574183E-6	7.741696942664532E-6	8.127649128496321E-7	3.3114943760928817E-6	3.271092098827144E-6	8.139403308514398E-7	1.6370055052687002E-6
17	17	1.6920699963023358E-5	1.6939753013296023E-5	3.3970894944084296E-5	3.401084609528448E-5	0.9994472771949356	1.6879432140647145E-5	1.691384611596527E-5	5.1789711277636285E-5	1.6079283702630654E-4	1.6880895382550514E-5	6.877879352189806E-5	6.793964974864084E-5	1.6905308479136724E-5	3.400013735609266E-5
18	18	9.742249125273605E-6	9.753219094764129E-6	1.9559056201988986E-5	1.958205844590822E-5	0.8918239410149509	9.718488795776292E-6	9.73830295959179E-6	2.9818404114209765E-5	0.10795040168974611	9.719331270802993E-6	3.9600024968846517E-5	3.911688019889852E-5	9.733387336413872E-6	1.9575892790512622E-5
19	19	9.742249125273605E-6	9.753219094764129E-6	1.9559056201988986E-5	1.958205844590822E-5	1.992648449072076E-4	9.718488795776292E-6	9.73830295959179E-6	2.9818404114209765E-5	9.257795949889888E-5	9.719331270802993E-6	0.9276168841050949	3.911688019889852E-5	9.733387336413872E-6	0.07192479171295532
20	20	3.0787549965326244E-6	3.0822217369070973E-6	6.181071869032586E-6	6.188341060416133E-6	0.9998994309868086	3.0712462342110634E-6	3.0775079254349942E-6	9.42324092463341E-6	2.9256576352231714E-5	3.071512473984298E-6	1.251443821318097E-5	1.2361754335423509E-5	3.0759544854412637E-6	6.186392584031265E-6
21	21	8.98936102886248E-5	8.999483231134038E-5	1.8047518116465008E-4	1.806874273024824E-4	0.9970635819709179	8.967436914905882E-5	8.985719825733982E-5	2.751401616201453E-4	8.542346747139238E-4	8.968214282849919E-5	3.653970624436609E-4	3.60938992535551E-4	8.981184085489615E-5	1.806305356118493E-4
22	22	1.0416339340793876E-5	1.0428068349496294E-5	2.091239548135191E-5	2.093698930719043E-5	0.18472628806305122	1.0390934975568703E-5	1.0412120130187759E-5	3.1881612947955706E-5	0.5305745359854841	1.039183574351781E-5	4.234004824505361E-5	0.28449972834552567	1.0406864382933274E-5	2.093039703490986E-5
23	23	1.8067219266476075E-7	1.808756332066554E-7	3.6272707924284303E-7	3.6315366100970796E-7	3.6954111917536898E-6	1.8023155203101015E-7	1.8059901013809935E-7	5.529889847614525E-7	1.7168789999122227E-6	1.8024717591912695E-7	0.9999911372360462	7.254313069664265E-7	1.8050784880497717E-7	3.6303931754905386E-7
24	24	7.403390675974699E-7	7.41172704356267E-7	0.9999621601538691	1.4880919903673374E-6	1.5142658290357914E-5	7.385334578291655E-7	7.400391881154433E-7	2.265978750419055E-6	7.035241999476815E-6	7.385974797164854E-7	3.0093097790135798E-6	2.972594340525155E-6	7.396656370151374E-7	1.4876234460396355E-6
25	25	8.968399484665972E-6	8.978498083814949E-6	1.8005434608257814E-5	1.8026609730127387E-5	0.9997070429160179	8.946526493729373E-6	8.964766772156557E-6	2.7449858513439536E-5	8.522427558410791E-5	8.947302048993682E-6	3.645450233889277E-5	3.6009734888368455E-5	8.960241608428062E-6	1.802093382716479E-5
26	26	3.5554275392826887E-6	3.55943102257799E-6	7.138064954890639E-6	7.146459608983766E-6	0.9998838602488661	3.5467562223464364E-6	3.5539873886604568E-6	1.0882207363193885E-5	3.3786266651617614E-5	3.5470636830644465E-6	1.4452003589732146E-5	1.4275680217331703E-5	3.5521934351498482E-6	7.144209457020975E-6
27	27	2.3382439819455386E-8	0.427602005073631	4.694382669623109E-8	4.6999034541692426E-8	4.782569388508672E-7	2.332541248753056E-8	2.337296859978258E-8	7.156735890729231E-8	2.2219700387000594E-7	2.332743451769607E-8	9.504429508796612E-8	0.2014357128051573	2.3361170578437117E-8	0.3709612043433278
28	28	4.193348058757673E-8	4.198069853455817E-8	8.418788033552705E-8	0.5946753303830299	8.57693988139336E-7	4.183120920209705E-8	0.2409156303214271	1.2834710486225806E-7	3.98482528784185E-7	4.183483546023553E-8	1.7045005285184012E-7	1.683704569011428E-7	0.16440697992295744	8.426034992123958E-8
29	29	2.3601113572880053E-6	2.3627688903946594E-6	4.738284772496226E-6	4.743857187697152E-6	4.827296218012961E-5	2.3543552918478355E-6	2.3591553777884424E-6	0.9998818565308981	2.2427500142762353E-5	2.354559385877169E-6	9.593315411674864E-6	9.47627103679736E-6	2.357964542084985E-6	4.742363525080117E-6
30	30	2.9783520347317673E-7	2.981705719341237E-7	5.979497556216606E-7	5.986529688027167E-7	6.091825908457501E-6	2.971088144761983E-7	2.977145632551255E-7	0.9999850908373242	2.8302474151431322E-6	2.971345702044466E-7	1.210632302918865E-6	1.1958618408813913E-6	2.97564285263815E-7	5.984644754470572E-7
31	31	1.076944569385367E-6	1.078157230744898E-6	2.162131052919841E-6	2.164673806790529E-6	2.202747946934767E-5	1.0743180139062474E-6	1.0765083455066427E-6	3.296237651655682E-6	0.9999530275211167	1.0744111442392106E-6	4.377534518911872E-6	4.324125893292495E-6	1.0759649541789798E-6	2.1639922322373015E-6
32	32	6.919427869111284E-7	6.927219284793636E-7	1.3891810488243454E-6	1.3908147821191957E-6	1.4152776257878204E-5	6.902552106236728E-7	6.91662510678774E-7	2.1178507528105434E-6	0.9999698199249334	6.903150473729062E-7	2.8125899149519427E-6	2.778274580340751E-6	6.913133787732565E-7	1.3903768667340824E-6
33	33	1.5607850765005522E-6	1.5625425520537136E-6	3.133514924321198E-6	3.137200065049331E-6	3.192379831424524E-5	1.556978484489275E-6	1.560152869663468E-6	4.777143301107507E-6	0.9999319241248519	1.5571134556270573E-6	6.344236038892003E-6	6.266832439679182E-6	1.559365348096411E-6	3.1362122784710422E-6
34	34	3.1189026912058117E-7	3.1224146386962205E-7	6.261674510824619E-7	6.269038494186259E-7	6.379303721884081E-6	3.111296012844359E-7	3.117639358005572E-7	0.9999843872628048	2.9638089040280957E-6	3.111565724447322E-7	1.2677629452807087E-6	1.2522954541104858E-6	3.116065660786232E-7	6.267064609207636E-7
35	35	1.9000519347106917E-6	1.9021914316057274E-6	3.8146450680771946E-6	3.819131245498797E-6	3.886305402553874E-5	1.8954179062178652E-6	1.8992823054760036E-6	5.815547898504222E-6	0.9999171265152199	1.8955822159459212E-6	7.723278586815587E-6	7.629049816530546E-6	1.8983236008473895E-6	3.817928744380983E-6
