0	0	3.0540781938546394E-6	3.0590344580691904E-6	3.045716523224975E-6	1.2621662269974446E-5	6.152070382100272E-6	9.413207777552646E-6	0.6582230864835977	1.2546386914225178E-5	3.054523860245808E-6	6.1436951519160365E-6	6.437884797902763E-5	9.262018151119229E-6	3.0442402390877416E-6	0.3416411380345019
1	1	0.9999919181684392	1.4426693425642988E-7	1.4363884795765228E-7	5.952494311092456E-7	2.9013740953921435E-7	4.439357078845909E-7	9.189486228462494E-7	5.916993747277744E-7	1.4405421023237496E-7	2.897424258281991E-7	3.0361668546739194E-6	4.368054632940507E-7	1.4356922501306324E-7	9.036170534595886E-7
2	2	6.803571214080235E-5	6.814612285853494E-5	6.784943917073867E-5	2.811728208748276E-4	1.370496965103087E-4	2.096980673133399E-4	4.3407580590748535E-4	2.7949591147369995E-4	6.804564025278108E-5	1.3686312147399358E-4	0.16081247497002374	0.8369424423748194	6.781655198310838E-5	4.2683376519716935E-4
3	3	2.2737469559532088E-5	2.2774368715203385E-5	2.267521731209737E-5	9.396768629948768E-5	4.580187675697791E-5	7.008089240489204E-5	1.450677168326677E-4	9.340726479051128E-5	2.274078752500635E-5	4.5739523559292495E-5	0.41327589384409846	0.5859738016919075	2.2664226445622794E-5	1.4264743379280005E-4
4	4	2.5368204346637666E-6	2.5409372750132915E-6	2.5298749488003257E-6	1.0483978710932703E-5	5.110117315334364E-6	7.81892811188711E-6	1.618521126581781E-5	1.0421452459615504E-5	2.5371906202112207E-6	5.1031605664472105E-6	0.7711155959476801	7.693344904941974E-6	2.52864869736569E-6	0.2288089143870089
5	5	1.1768137441367438E-5	1.1787235183720574E-5	1.1735917804880287E-5	4.863446411766973E-5	0.13786203805475009	3.627147566597665E-5	7.508209414079311E-5	4.834440909085747E-5	1.1769854706941982E-5	2.3673214749737306E-5	0.861737646571003	3.5688903711153234E-5	1.1730229307884881E-5	7.382943832587932E-5
6	6	3.5127263039540433E-6	3.5184268782585364E-6	3.5031089141881484E-6	1.451712832519368E-5	7.075961413975766E-6	1.082684216511837E-5	2.241160492544955E-5	1.4430548445637218E-5	3.5132388985752933E-6	7.066328428340679E-6	0.9998734320329905	1.065294754161911E-5	3.5014109281538007E-6	2.203769384115333E-5
7	7	1.3024865456921734E-5	1.3046002661166662E-5	1.298920506185863E-5	5.382817415739914E-5	2.623701291263761E-5	4.014493311513031E-5	8.310016595915348E-5	5.3507143941856855E-5	1.3026766110544594E-5	2.6201294689528617E-5	0.9995306976408606	3.950014787461487E-5	1.2982909086103213E-5	8.171373811240436E-5
8	8	5.268560979885186E-6	5.277110983712635E-6	5.2541363421353255E-6	2.1773508442148765E-5	1.061287757001795E-5	1.6238634391273243E-5	3.361403564915228E-5	0.09567186692482771	5.269329794699188E-6	1.0598429540810641E-5	0.7406289169315627	1.5977818617795888E-5	5.251589618539216E-6	0.16356408011167947
9	9	1.0938851280011388E-5	1.0956603227966259E-5	1.0908902121651794E-5	4.52072532902387E-5	2.203499016802211E-5	3.371546941846107E-5	6.979115137718133E-5	4.4937638084168314E-5	1.094044753199449E-5	2.2004992443142124E-5	0.999605859367303	3.317395059226878E-5	1.0903614486038295E-5	6.862676867578495E-5
10	10	1.4217841980504566E-5	1.4240915188504908E-5	1.41789153701955E-5	5.875841687579739E-5	2.8640119536444047E-5	4.3821897219331667E-5	9.07114957976835E-5	5.840798278566082E-5	1.4219916719238631E-5	2.8601129801489187E-5	0.9994877131894077	4.311805465824491E-5	1.4172042731955999E-5	8.919808192729494E-5
11	11	3.7863004412687995E-5	3.792444981189342E-5	3.775934040939382E-5	0.42146569040275184	7.627043357741757E-5	1.1670045918804279E-4	2.4157039938822915E-4	1.555441193524362E-4	3.7868529571987896E-5	7.616660146923479E-5	0.5773265350562091	1.1482608232882555E-4	3.774103814296366E-5	2.375400833858908E-4
12	12	5.4190447064959305E-6	5.427838920543855E-6	5.404208063788379E-6	2.239541615172537E-5	1.0916008799379689E-5	1.67024517842194E-5	3.457413943654758E-5	2.2261850312146184E-5	5.419835480649253E-6	1.0901148097094171E-5	0.9998047449723416	1.6434186437755878E-5	5.401588599180283E-6	3.3997310869011644E-5
13	13	1.1300831125668632E-5	1.1319170507094929E-5	1.1269890913363512E-5	4.67032160883152E-5	2.276415469690226E-5	3.483115516131938E-5	7.210062515619839E-5	4.6424678988329084E-5	1.1302480199564355E-5	2.2733164310951734E-5	0.9995928167761078	3.427171682090133E-5	1.1264428303479472E-5	7.089771162009656E-5
14	14	8.49621083975754E-5	8.509998785930333E-5	8.472949314631828E-5	3.511249450315142E-4	1.711458703726936E-4	2.6186820664074754E-4	5.420681949790162E-4	3.490308424811262E-4	8.497450649409821E-5	1.709128779050484E-4	0.9969387078860579	2.576622274174676E-4	8.468842405609471E-5	5.330244291612036E-4
15	15	8.103694889949557E-7	8.116845847600057E-7	0.9999545272226689	3.349033441438115E-6	1.6323911227404824E-6	2.4977017261208173E-6	5.170252180065946E-6	3.3290598691519853E-6	8.104877421707913E-7	1.630168838118474E-6	1.7082291554887295E-5	2.4575850517800234E-6	8.077590848496892E-7	5.083992645991342E-6
16	16	9.279549166120752E-7	9.294608340948611E-7	9.25414296209002E-7	3.834981560985327E-6	1.869252715893361E-6	2.8601207578271825E-6	5.9204609696828785E-6	3.812109803278595E-6	9.28090328442619E-7	1.8667079755383636E-6	1.9560949234426653E-5	2.8141831137053207E-6	0.9999479286284028	5.82168509048675E-6
17	17	1.5369628083688542E-5	1.5394570450198812E-5	1.5327548032170924E-5	0.38711086753578583	3.096025305043557E-5	4.7371905181270736E-5	9.806002593341482E-5	6.313960823063188E-5	1.5371870896821306E-5	0.10804413180843427	0.5043856500723406	4.661104439746068E-5	1.5320118642124268E-5	9.642401054117297E-5
18	18	9.428773812507206E-6	9.444075154276406E-6	9.402959050717405E-6	3.896651988836063E-5	1.8993122123777917E-5	2.906114426384654E-5	6.0156680405038706E-5	3.8734124298606576E-5	9.43014970642067E-6	1.896726549993844E-5	0.9996602693664179	2.8594380579371604E-5	9.398401358238876E-6	5.915303744092564E-5
19	19	1.0469365541063757E-5	1.048635559124801E-5	1.0440701773864841E-5	0.9994453521449119	2.1089268046299757E-5	3.226843154686876E-5	6.679577741719384E-5	4.3008954744167276E-5	1.047089328333568E-5	2.106055779701218E-5	2.2069038505996205E-4	3.175015422563536E-5	1.0435641078855043E-5	6.568136898265506E-5
20	20	2.7316178499053474E-6	2.7360508142690486E-6	2.7241390339428158E-6	1.128902266533783E-5	5.502513099839435E-6	8.419328110776752E-6	0.5807268202535253	1.1221695147058688E-5	2.732016461267581E-6	5.495022155987912E-6	5.75815022188082E-5	8.284101618175135E-6	2.7228186210899575E-6	0.41915173991867827
21	21	7.392688286119537E-5	7.404685397547644E-5	7.372448062853253E-5	3.055194035383564E-4	1.4891674594530793E-4	2.27855694762329E-4	4.7166216456719827E-4	3.036972915773698E-4	7.393767064232075E-5	1.4871401549066164E-4	0.0015583515716332712	2.2419600529345382E-4	7.368874575943105E-5	0.9962417624733252
22	22	1.0533952375227174E-5	1.0551047239170139E-5	1.0505111777639511E-5	4.3533917866164704E-5	2.1219370396111858E-5	3.246749956382325E-5	6.720784897797177E-5	4.327428240100647E-5	1.0535489542333521E-5	2.1190483029681678E-5	0.9996204483864262	3.1946024924541694E-5	1.0500019862565032E-5	6.608656561749124E-5
23	23	2.1556703920120367E-7	2.1591686888283379E-7	2.1497684456111904E-7	0.9999885796521812	4.342336747943441E-7	6.644156439988472E-7	1.3753429386423037E-6	8.855658919324232E-7	2.1559849582356817E-7	4.3364252307561045E-7	4.544074108498058E-6	6.537441752087659E-7	2.1487264349608949E-7	1.352396970641461E-6
24	24	8.019959276133965E-7	8.032974344720762E-7	7.998001666120806E-7	3.3144278232952645E-6	1.615523598172236E-6	2.4718929327240694E-6	5.11682787846543E-6	3.2946606382631195E-6	8.021129588772033E-7	1.6133242764541158E-6	1.690577995269218E-5	0.9999566294842499	7.994124968174945E-7	5.0314596655882895E-6
25	25	9.325781987239268E-6	9.340916190295712E-6	9.300249203730889E-6	3.85408830995856E-5	1.8785657573883847E-5	2.8743705289105394E-5	5.949958050634811E-5	3.831102599961281E-5	9.327142852069592E-6	1.876008338559087E-5	0.999663980292011	2.8282040130142764E-5	9.295741295569676E-6	5.850690047578789E-5
26	26	3.534540075521605E-6	3.5402760499725713E-6	3.5248629624737697E-6	1.4607278622626843E-5	7.1199026130756225E-6	1.0894076057358163E-5	2.255077934098995E-5	1.4520161088396611E-5	3.5350558533176904E-6	7.110209807309396E-6	0.9998726460552395	1.0719101561057663E-5	3.5231544320712383E-6	2.217454629640601E-5
27	27	2.7807586149655436E-8	0.49122960355605316	2.7731452579513943E-8	1.1492107884807975E-7	5.6015012154315294E-8	8.570788617842452E-8	1.774156540505223E-7	0.13283924860156307	2.7811643971944125E-8	0.26525490705452226	5.86173715196497E-7	8.433129452126226E-8	2.7718010913740587E-8	0.11067502515452693
28	28	5.024785589958636E-8	5.032939986612728E-8	5.011028377660516E-8	2.076605203596525E-7	0.6205327210355864	1.5487275633972956E-7	3.2058720131563714E-7	2.064220369324468E-7	0.37946456073771273	1.0108042069965332E-7	1.0592063696144918E-6	1.52385277604632E-7	5.008599490517292E-8	3.1523858355915954E-7
29	29	2.5144069782824234E-6	2.5184874452961217E-6	2.5075228575602915E-6	1.0391350081673192E-5	5.064968123856028E-6	0.9998641498088155	1.6042210790982345E-5	1.0329376265754037E-5	2.5147738931460294E-6	5.058072839621872E-6	5.300277672587805E-5	7.625372238017128E-6	2.5063074403702346E-6	1.577456550402865E-5
30	30	3.21744142319288E-7	3.222662798932464E-7	3.208632485194792E-7	1.3296797409666877E-6	6.481145808773477E-7	0.9999826165757477	2.052765282800648E-6	1.3217495560676692E-6	3.217910928364934E-7	6.472322585917638E-7	6.782248492587856E-6	9.757445281439867E-7	3.207077234335435E-7	2.0185173253138535E-6
31	31	1.0020128078386292E-6	1.0036389090406237E-6	9.99269426518953E-7	4.141042385940275E-6	2.018433362313107E-6	3.08838024348334E-6	0.9999491671090737	4.116345287245438E-6	1.0021590265676954E-6	2.0156855322378698E-6	2.112206241434303E-5	3.0387764244313406E-6	9.987850723146324E-7	6.286300034023661E-6
32	32	7.207502122597851E-7	7.21919870748504E-7	7.187768915067986E-7	2.978661705014742E-6	1.4518639511778498E-6	2.2214793050709445E-6	0.8978148335726452	0.10215156310420156	7.208553877417614E-7	1.4498874304243345E-6	1.5193150076933846E-5	2.185799159237537E-6	7.184284943677182E-7	4.5217506686610404E-6
33	33	1.6689782826313246E-6	1.6716867585811915E-6	1.6644088362053925E-6	6.897426615232614E-6	3.361954478312039E-6	5.144085499265836E-6	0.999915331430561	6.856290492976257E-6	1.669221828304011E-6	3.35737762192452E-6	3.518144995567675E-5	5.06146410352546E-6	1.6636020833956598E-6	1.0470622883075662E-5
34	34	3.3973227399803475E-7	3.4028360333712395E-7	3.3880213102292875E-7	1.4040197245904914E-6	6.843494920701305E-7	0.9999816447000137	2.1675316681228533E-6	1.3956461774311003E-6	3.3978184943353637E-7	6.834178407451996E-7	7.161431709672142E-6	1.030296635699228E-6	3.3863791081140347E-7	2.131368969424114E-6
35	35	2.00626544232429E-6	2.00952127959679E-6	2.0007725473296072E-6	8.291341357235504E-6	4.041378583950566E-6	6.183664027831032E-6	0.8330548249446399	0.16685163753730933	2.0065582066291483E-6	4.035876781500336E-6	4.2291339552755256E-5	6.084345508953018E-6	1.99980275623076E-6	1.2586652006522851E-5
