0	0	3.5998433498198496E-5	1.1881205038218748E-4	3.9012424098597046E-5	5.4578482592512764E-5	0.999412237493504	5.10144358217886E-5	7.602083051785845E-5	1.479214445890231E-5	5.156668248608304E-5	6.739202053945477E-5	1.4810240548322572E-5	6.3764761552163E-5
1	1	0.10444433655916385	2.3002792303797515E-5	0.7327812102293895	1.0566752238459979E-5	2.682264522426225E-5	9.876729405218149E-6	1.4718131448278218E-5	2.8638561965841776E-6	9.983647981897593E-6	0.16266140602082726	2.867359718197568E-6	1.2345276102612225E-5
2	2	2.2988087863572162E-5	0.7059630131059669	2.4912779412869993E-5	3.4853043073663614E-5	8.847096896511099E-5	3.2577093473818173E-5	4.854582162564696E-5	9.446053160310866E-6	3.2929750342673326E-5	4.3035586244111846E-5	9.457609065753276E-6	0.2936897701008055
3	3	1.4431185630866306E-5	0.7905975252215941	1.563944536934116E-5	2.1879624672639528E-5	5.553924204810888E-5	2.045085637504169E-5	3.04755126933716E-5	5.92992977251892E-6	2.0672243067517033E-5	2.701636332294006E-5	5.937184200010317E-6	0.20918450319125365
4	4	2.379430021033479E-5	0.9995984586795169	2.5786492375602187E-5	3.607536977673682E-5	9.157372322344807E-5	3.3719600633878734E-5	5.024836604824562E-5	9.777334506163325E-6	3.4084625487558416E-5	4.454488189262689E-5	9.789295687316397E-6	4.21473306411655E-5
5	5	1.2445741334998909E-5	4.1076899821531506E-5	1.3487768549893014E-5	1.8869423216350452E-5	4.789814628911843E-5	1.7637225037046598E-5	2.6282687904861353E-5	5.114089304320662E-6	1.7828153321113973E-5	2.3299448730705512E-5	5.120345666784625E-6	0.9997709400708233
6	6	9.044526145271867E-6	2.9851262725330263E-5	9.801784562871416E-6	1.3712722049473368E-5	0.45106359965075027	1.2817263245622928E-5	1.9100064152470998E-5	3.716493311017981E-6	1.2956013988599012E-5	1.6932094886359447E-5	3.7210399131332348E-6	0.5488047470842696
7	7	1.800575558005396E-5	5.942760646109181E-5	1.9513298347826683E-5	2.729915504629373E-5	6.92961786369643E-5	2.5516484280001877E-5	3.802422384201154E-5	7.39875910559201E-6	2.579270792339134E-5	3.370825149766932E-5	7.407810437313773E-6	0.9996686097688418
8	8	7.131442824059472E-5	0.9112034473514125	7.728527184412836E-5	1.0812229594710233E-4	0.08786754184447573	1.010617676691246E-4	1.5060049940860727E-4	2.9303867475002513E-5	1.0215579180531108E-4	1.3350645974609274E-4	2.9339716598005634E-5	1.2632070537785844E-4
9	9	3.082006284524614E-5	0.09852532902443696	3.340049123316233E-5	4.6727373944857774E-5	1.1861277195679018E-4	4.367601490550924E-5	6.508524250716226E-5	1.2664296124500624E-5	4.4148820948596746E-5	5.769768588397207E-5	1.2679789093471441E-5	0.9010091584261197
10	10	1.841297427773561E-5	6.077162295636352E-5	1.9954611677075573E-5	2.7916553539588605E-5	7.086338305076403E-5	2.6093565838824495E-5	3.888418080657526E-5	7.566089659094413E-6	2.6376036564255577E-5	3.44705983047765E-5	7.575345696000562E-6	0.9996611150376289
11	11	1.8581066254056675E-5	0.44281765292983244	2.0136777255701016E-5	2.8171403656998284E-5	7.1510294621167E-5	2.6331773908034444E-5	3.923915435407574E-5	7.635160464529545E-6	2.6616823307707634E-5	3.4785280273404765E-5	7.644500999763504E-6	0.5569016948350721
12	12	2.152916072249384E-5	0.9996366840987554	2.3331702715197867E-5	3.264111266905108E-5	8.285620454509012E-5	3.0509605036830206E-5	4.546488609173353E-5	8.84656426791437E-6	3.0839880719372086E-5	4.03043549570049E-5	8.857386783777371E-6	3.8135042736143326E-5
13	13	4.027199988577505E-5	0.7322108666271245	4.364379741471618E-5	6.105778588508429E-5	1.5498909144606474E-4	5.7070632078775375E-5	0.11880038887437991	1.654819896507701E-5	5.768843889535528E-5	7.539248738706622E-5	1.6568443337963462E-5	0.14846551362319968
14	14	2.393419909284183E-5	0.9995960978123546	2.593810437659544E-5	3.628747535972016E-5	9.211213206223397E-5	3.391785544303737E-5	5.054380193817781E-5	9.83482046537282E-6	3.428502646486092E-5	4.480678407689368E-5	9.846851972438482E-6	4.239513639318306E-5
15	15	5.147533968390637E-5	0.9991313265913988	5.5785143608218255E-5	7.804356072945122E-5	1.9810578446848514E-4	7.294721346251981E-5	1.0870467666753531E-4	2.1151772082346717E-5	7.373688906424517E-5	9.636605852381973E-5	2.1177648273595565E-5	9.117932203703094E-5
16	16	1.937708633745251E-5	0.9996730014849659	2.0999444601656306E-5	2.9378277513525525E-5	7.457382337186906E-5	2.7459837312773542E-5	4.092017494214313E-5	7.962253699471781E-6	2.775709833926068E-5	3.627549516880335E-5	7.971994386857087E-6	3.432302936029614E-5
17	17	1.8496638381245297E-5	0.9996878595069218	2.0045280608214266E-5	2.804339960963358E-5	7.118536913107777E-5	2.6212128693491382E-5	3.9060861123335624E-5	7.600468141291474E-6	2.649588289760736E-5	3.4627224369697415E-5	7.609766235391541E-6	3.276347388715446E-5
18	18	2.8253188321376568E-5	0.9995232125993982	3.061870358848342E-5	4.283564580826565E-5	1.0873400876054973E-4	4.0038421740043264E-5	5.9664564044876896E-5	1.1609539706645528E-5	4.047184973926283E-5	5.2892286208914595E-5	1.1623742330831847E-5	5.00454503524741E-5
19	19	4.469350374966682E-5	0.9992457736367947	4.8435494361761495E-5	6.776138235353122E-5	1.7200550157304005E-4	6.333647487195094E-5	9.438292013380871E-5	1.836504257532896E-5	6.402211132784339E-5	8.366990532597695E-5	1.8387509598523158E-5	7.916651733389528E-5
20	20	4.32683605444077E-5	0.807947628857942	4.689103018035246E-5	6.560067295421902E-5	1.665207565593795E-4	6.131686264118019E-5	9.13733288948982E-5	1.7779435866418394E-5	0.19138417545557102	8.100192033809426E-5	1.7801186482914496E-5	7.664213202514065E-5
21	21	1.6148624171151358E-5	0.9997274834806509	1.750067748935074E-5	2.448349324040232E-5	6.21489023512531E-5	2.2884688897104705E-5	3.4102367850899E-5	6.635643786114934E-6	2.3132422561179537E-5	3.0231549155621742E-5	6.643761554545884E-6	2.8604388291520887E-5
22	22	1.1029468124629506E-5	0.9998138719291662	1.1952917009056446E-5	1.672216192615412E-5	4.244753795734572E-5	1.563018273616081E-5	2.3291828158204222E-5	4.5321273719464116E-6	1.5799384181581295E-5	2.06480691008816E-5	4.537671786579098E-6	1.9536722481254036E-5
23	23	3.987749402004669E-5	0.284216590435664	4.3216261306958914E-5	6.0459661760422676E-5	1.534708130920519E-4	5.651156624693785E-5	8.421255926390777E-5	1.638609225129375E-5	5.712332100715802E-5	7.465394004423723E-5	1.640613830962234E-5	0.7151810917170335
24	24	1.824789629405958E-5	6.022678664523661E-5	1.9775712439450895E-5	2.7666273041718608E-5	7.022807100318099E-5	2.5859628986981973E-5	3.853557215337114E-5	7.498257335733945E-6	2.6139567275388036E-5	3.41615587776242E-5	7.507430389419336E-6	0.9996641532456578
25	25	4.32683605444077E-5	0.2658680768696821	4.689103018035246E-5	6.560067295421902E-5	1.665207565593795E-4	6.131686264118019E-5	9.13733288948982E-5	1.7779435866418394E-5	6.198063618514104E-5	8.100192033809426E-5	1.7801186482914496E-5	0.733478388939671
26	26	2.694414988283841E-5	8.892858333808369E-5	2.9200065115557323E-5	4.085096690177211E-5	1.036960995722189E-4	3.818334497915029E-5	5.6900160719314086E-5	1.1071641698220207E-5	3.8596691212557685E-5	5.044165886866341E-5	1.1085186280532577E-5	0.9995041014514311
27	27	4.438838647762424E-6	1.4650290854537953E-5	4.810483096171861E-6	6.729878339844935E-6	1.708312403267024E-5	6.290408423768865E-6	9.373857908415772E-6	1.8239666598477473E-6	6.35850399344666E-6	8.309870076327104E-6	1.8261980241957555E-6	0.9999183045799429
28	28	7.191146620601214E-6	0.99987864562167	7.793229717402205E-6	1.0902748606333988E-5	2.7675538447150828E-5	1.0190784767900841E-5	1.5186131321551904E-5	2.954919681224563E-6	1.0301103088665493E-5	1.3462416379369407E-5	2.958534606087533E-6	1.273782509375655E-5
29	29	1.6229798967658273E-4	5.356610011195873E-4	1.7588648694753429E-4	0.9969715407837382	6.246130819140532E-4	2.2999724081815062E-4	3.4273791294863094E-4	6.668999385224888E-5	2.3248703036482827E-4	3.038351503363012E-4	6.677157959497468E-5	2.8748174868888695E-4
30	30	5.421768800396798E-5	1.789443054252773E-4	5.8757096698723505E-5	0.9989883050477261	2.0865986859046893E-4	7.683347569061854E-5	1.1449591746890992E-4	2.2278632575012587E-5	7.766522125386496E-5	1.014999595398509E-4	2.2305887320148334E-5	9.603689970719414E-5
31	31	6.075045753626053E-6	2.0050556982987438E-5	6.583682630820622E-6	0.9058683149487715	2.338016052141372E-5	8.609125497871874E-6	1.2829170015071729E-5	2.4963018012040644E-6	8.70232187968232E-6	0.09402969847767366	2.4993556721786247E-6	1.0760852799826174E-5
32	32	2.9059948981136597E-5	9.591173245422985E-5	0.1784982227173506	0.6639402933123001	1.1183887323277082E-4	4.1181705930532594E-5	0.15711209040817392	1.1941046360220521E-5	4.1627510326165596E-5	5.440260834434009E-5	1.1955654535749526E-5	5.147448201024994E-5
33	33	0.10316586816230439	0.05160554970158702	8.75176447144988E-6	0.8451126210442254	3.1079514256992545E-5	1.144420879430164E-5	1.7053962141261357E-5	3.318362478701521E-6	1.1568095808444464E-5	1.5118237449839242E-5	3.322422024246811E-6	1.4304524457960098E-5
34	34	3.105518308901756E-5	1.0249695942977796E-4	3.365529706143914E-5	0.8544732229063147	1.195176456423799E-4	4.4009210698233964E-5	6.558176511845754E-5	1.2760909567728737E-5	4.448562368633861E-5	5.813785026774389E-5	1.2776520729535808E-5	0.14500230012839466
35	35	1.2757779900228405E-5	4.2106776350327896E-5	0.26640291970572194	0.733372847726133	4.909904452755272E-5	1.8079424038862045E-5	2.694164521431023E-5	5.24230931516792E-6	1.827513926058291E-5	2.3883610522026253E-5	5.248722536617962E-6	2.259811647953383E-5
36	36	2.7676914617874903E-5	9.134705748146004E-5	2.9994181020883326E-5	0.9994835524006229	1.0651618650232286E-4	3.9221767374665354E-5	5.844759982480907E-5	1.1372742628503507E-5	3.9646354843907546E-5	5.181345456295768E-5	1.1386655565071345E-5	4.902468495460187E-5
37	37	3.3899961143039244E-5	1.1188608780664136E-4	3.673825587728399E-5	0.9993674311680685	1.3046593644514839E-4	4.804062910624287E-5	7.158931515022568E-5	1.3929859542474433E-5	4.856068341532527E-5	6.346350814828509E-5	1.3946900748676322E-5	6.0047694548199284E-5
38	38	0.9980026349265804	3.4377653577965286E-4	1.1288043566154147E-4	1.5792002253482763E-4	4.008642052609081E-4	1.476076371475294E-4	2.1996234959715478E-4	4.2800306555403116E-5	1.4920553436869777E-4	1.9499533326560898E-4	4.2852666656184516E-5	1.8450004659211408E-4
39	39	1.2638948906856384E-5	4.1714577229435915E-5	1.3697152542469834E-5	0.9997641588698842	4.864171666326485E-5	1.79110251532461E-5	2.6690700105605566E-5	5.1934803787576245E-6	1.810491740620618E-5	2.3661149154465582E-5	5.19983386493385E-6	2.2387628710454857E-5
40	40	2.5115535926847198E-5	8.289328256646339E-5	2.721834935097238E-5	0.9316645204940829	9.665857433263474E-5	3.559196251509365E-5	5.303852736135268E-5	1.0320244507619107E-5	3.597725625122977E-5	4.701834353781545E-5	1.033286986210829E-5	0.06791131455970495
41	41	2.0270654518993997E-4	0.19985106695561056	2.1967827319227979E-4	0.7970354840420075	7.801277154913963E-4	2.8726138988148433E-4	4.280719581177391E-4	8.329430499703984E-5	2.9037108112450456E-4	3.7948328106016035E-4	8.339620375794045E-5	3.5905824956927973E-4
42	42	1.7791230279435422E-6	5.871957035094776E-6	1.9280811786764845E-6	2.6973905743819264E-6	6.847056576625099E-6	2.521247418519867E-6	3.7571193253307436E-6	0.9999648354677344	2.5485406827559454E-6	3.330664253692827E-6	7.319551838338328E-7	3.1513970088298273E-6
43	43	2.1312065814583525E-6	7.03400118073891E-6	2.30964314049208E-6	3.2311967495195133E-6	8.20207023939672E-6	3.020195347617599E-6	0.9999615014106661	8.757357629540449E-7	3.0528898737722336E-6	3.9897935480623105E-6	8.76807101374175E-7	3.7750498085393932E-6
44	44	0.7819548609998863	0.09788473961040431	4.790949118095471E-5	6.702550253804696E-5	1.7013754415594567E-4	0.11952122061397223	9.335793387407498E-5	1.816560059713577E-5	6.332683951026084E-5	8.276126101627808E-5	1.8187823631374776E-5	7.830677923315445E-5
45	45	2.1994449521196687E-5	7.259220445722105E-5	2.38359480997708E-5	0.9995895864545715	8.464689505898381E-5	3.116897943880832E-5	4.644747442880151E-5	9.037756452037218E-6	3.150639304825555E-5	4.1175413756842113E-5	9.048812864403187E-6	3.8959218302106885E-5
46	46	0.9995213375947857	8.23849909374741E-5	2.7051449709630363E-5	3.784504837094679E-5	9.606587559176963E-5	3.5373716885947315E-5	5.271330149700017E-5	1.0256962010775777E-5	3.575664804727982E-5	4.6730032715885436E-5	1.0269509948111225E-5	4.421486949940495E-5
47	47	0.1566901478096543	2.1702322319391422E-5	0.6428943608506246	9.969357629262708E-6	2.5306218672396723E-5	0.008085791144496632	1.388603733021459E-5	2.7019471998795354E-6	9.41921935237026E-6	0.19223236250797596	2.7052526488138457E-6	1.1647332096135993E-5
48	48	0.9966181076617483	5.82074477968838E-4	1.9112654245460474E-4	2.6738652906987465E-4	6.787339993535608E-4	2.4992583668343295E-4	3.724351620572148E-4	7.246848898119891E-5	2.526313592949458E-4	3.3016158755433243E-4	7.255714389262155E-5	3.1239121094106786E-4
49	49	2.407575277921014E-5	7.94615007993544E-5	2.6091509730903335E-5	0.6506079058002504	9.265690950818383E-5	3.4118455323277584E-5	5.0842732412503095E-5	9.892986401330977E-6	3.4487797899347224E-5	4.5071784189735984E-5	0.3489527488973726	4.264587333312676E-5
50	50	0.9999902958119645	1.6702365480206131E-6	5.484290216922795E-7	7.672536251018891E-7	1.9475966994127636E-6	7.171509532250069E-7	1.068685955114566E-6	2.0794507139120343E-7	7.249143287349824E-7	9.473838334400842E-7	2.0819946267414776E-7	8.963925365958439E-7
51	51	1.8561911345973847E-6	6.126318652554445E-6	2.0116018591362626E-6	0.9999653637167047	7.14365758634964E-6	2.630462892604203E-6	3.919870337108998E-6	7.627289506270421E-7	2.6589384473092605E-6	3.474942071415439E-6	7.636620412504008E-7	3.287909322464388E-6
52	52	2.152916072249384E-5	7.105652885076676E-5	2.3331702715197867E-5	0.9995982686825736	8.285620454509012E-5	3.0509605036830206E-5	4.546488609173353E-5	8.84656426791437E-6	3.0839880719372086E-5	4.03043549570049E-5	8.857386783777371E-6	3.8135042736143326E-5
53	53	7.9650204058867E-6	2.628837740416456E-5	8.631896553053675E-6	0.7689687179301452	3.065383590482664E-5	1.1287464004112236E-5	1.6820383764129597E-5	3.272912763492249E-6	1.1409654208594556E-5	1.4911171587995777E-5	0.23088593274970043	1.4108603558121346E-5
54	54	1.4431185630866306E-5	4.76298157344817E-5	1.563944536934116E-5	2.1879624672639528E-5	5.553924204810888E-5	2.045085637504169E-5	0.9997393118555293	5.92992977251892E-6	2.0672243067517033E-5	2.701636332294006E-5	5.937184200010317E-6	2.5562254277349082E-5
55	55	1.7540254283082178E-5	5.7891229508701566E-5	1.9008822673438824E-5	2.659339226817623E-5	6.75046703113471E-5	0.9996709645704113	3.704118675500313E-5	7.207479603639305E-6	2.5125891197074485E-5	3.283679488364096E-5	7.216296932037127E-6	3.10694111726004E-5
56	56	1.1150311816017393E-5	3.680136274063306E-5	1.2083878411538033E-5	1.690537726820946E-5	4.2912611804890425E-5	0.9997908326995025	2.3547023645602603E-5	4.5817833476723025E-6	1.5972489165845605E-5	2.087429840423402E-5	4.5873885093440335E-6	1.9750775383495392E-5
57	57	9.854649463126353E-6	3.2525057196457156E-5	1.067973594511374E-5	1.4940978312444435E-5	3.792618124606475E-5	0.9998151378670335	2.0810867691971214E-5	4.049381717060108E-6	1.4116491482945122E-5	1.8448712193584025E-5	4.05433556089609E-6	1.745574215688718E-5
58	58	8.222432900178466E-6	2.7137961768504428E-5	8.910861063998036E-6	1.2466317761659068E-5	3.164450258962762E-5	0.9978258895356736	0.002037230859835421	3.3786863328138342E-6	1.17783899304353E-5	1.5393068893424114E-5	3.3828196760333712E-6	1.4564563574267145E-5
59	59	3.461305550008721E-6	1.142396402933371E-5	3.751105449033652E-6	5.247806261291141E-6	1.332103208022118E-5	0.9999350698034245	7.309521471285798E-6	1.4222877702356569E-6	4.958216981679189E-6	6.47984792813804E-6	1.4240277374691461E-6	6.1310813168170124E-6
60	60	5.81471719464519E-6	1.9191348210275026E-5	6.301557905908737E-6	8.815895869585799E-6	2.2378271195123793E-5	8.240206262389793E-6	1.227941294683061E-5	2.38932998946077E-6	8.329408982133668E-6	0.9998935678709493	2.392252995605276E-6	1.029972749865262E-5
61	61	0.12890458428837942	8.57359017586956E-6	2.815173502289241E-6	3.9384350380606566E-6	9.99732400086073E-6	3.6812500447748122E-6	5.485735189257122E-6	1.0674151654224928E-6	3.721100687537235E-6	0.8710504656411847	1.0687209963880906E-6	4.601325635335142E-6
62	62	0.6950622457898203	5.327154021448644E-6	1.749192874416203E-6	2.4471253723171054E-6	6.211783355915862E-6	2.2873248636463054E-6	3.4085319772226573E-6	6.632326568442469E-7	2.3120858456263687E-6	0.3049098247263142	6.640440278728382E-7	2.859008870199964E-6
63	63	2.4805459345660753E-6	8.186988152352345E-6	2.6882311420630388E-6	3.7608423465542752E-6	9.54652269018367E-6	3.5152543898403923E-6	5.238371333376142E-6	1.0192830697169217E-6	0.9999535058036993	4.643785474156918E-6	1.020530017894409E-6	4.393841749939165E-6
64	64	2.767200771630975E-6	9.133086235908036E-6	2.9988863286019124E-6	4.195449759001518E-6	1.064973020114221E-5	3.921481366055466E-6	5.84372375202307E-6	1.1370726329744256E-6	0.9999481328791027	5.1804268440703765E-6	1.138463679965672E-6	4.901599325949581E-6
65	65	7.7379165017505E-6	2.5538825885441618E-5	8.385778237292741E-6	1.1731725523952082E-5	2.9779813560126626E-5	1.0965628401376535E-5	1.634078991160415E-5	3.179593320652285E-6	0.23001319355853708	0.7698562565572512	3.1834831018270465E-6	1.3706329767637248E-5
66	66	2.0345542947617925E-5	6.715002401052566E-5	2.2048985826797494E-5	3.084658841216955E-5	7.830098394348725E-5	0.14996725850258358	4.296534381953245E-5	8.360202962471309E-6	2.914438355322554E-5	0.849689170535094	8.370430484302288E-6	3.603847636228593E-5
67	67	0.2280811330993081	5.1069678760720584E-5	1.6768938503994055E-5	2.345978850025035E-5	5.95503301088236E-5	0.0874470973781979	3.2676478363782746E-5	6.35819399857415E-6	2.2165208839078794E-5	0.6842259465525398	6.3659723465661695E-6	2.74083805325114E-5
68	68	2.0550968270290862E-5	6.782802584047795E-5	2.227161050876064E-5	3.1158040920182914E-5	7.90915750293881E-5	2.912337982575917E-5	0.09596320677394678	8.444614442449925E-6	2.9438649202018473E-5	0.9037040290663462	8.454945229746844E-6	3.640235043801958E-5
69	69	1.0200355475494833E-5	3.366605240562381E-5	1.1054386402296242E-5	1.5465115274657646E-5	3.9256650577520985E-5	1.4455222886020925E-5	2.1540923297768173E-5	4.1914360449386126E-6	1.4611705036452317E-5	0.41847932396553644	4.196563672084172E-6	0.5813520376233908
70	70	6.533295373903319E-6	2.1562999933448757E-5	7.080299477500144E-6	9.905357349901658E-6	2.5143760355137522E-5	0.0706259521121439	1.3796893144460525E-5	2.6846015110155394E-6	0.21025451465954087	0.7190185655757048	2.687885739961253E-6	1.1572559725068115E-5
71	71	1.4798415223925165E-5	4.884184905572394E-5	1.6037421482015182E-5	2.243639428744017E-5	5.695254610903795E-5	0.3053843162785287	3.125102140145099E-5	6.080828371769979E-6	2.1198288508513998E-5	0.6943657859540625	6.088267402281785E-6	2.621273556669374E-5
72	72	4.381506726358718E-6	1.4461068089201079E-5	4.74835102499991E-6	6.64295541097682E-6	1.6862478858990738E-5	6.209161676597615E-6	9.252785410066298E-6	1.8004083551911714E-6	0.99991787508105	8.202540016395516E-6	1.802610899296865E-6	7.761052481893234E-6
73	73	5.205053848032433E-6	1.7179167534203303E-5	5.640850127148944E-6	7.89156397186412E-6	2.0031946988541375E-5	7.376234454554605E-6	1.0991937091857139E-5	2.138812746957842E-6	0.9999024388978275	9.744287785553897E-6	2.14142928080996E-6	9.219818343000012E-6
74	74	7.509525531628802E-6	2.478502643329896E-5	8.138265095168833E-6	1.1385453995561882E-5	2.8900837868478626E-5	1.064196885968752E-5	1.585847805677581E-5	3.0857450085217568E-6	0.9998592449551823	1.4058447818136714E-5	3.0895199796057314E-6	1.330177617084793E-5
75	75	6.1577516824821705E-6	2.0323526110564902E-5	6.673313163553796E-6	9.335982440130018E-6	2.3698459011852987E-5	8.726330495137184E-6	1.3003826876201745E-5	2.5302865591049493E-6	0.9998845819738685	1.1527816283546561E-5	2.5333820056076297E-6	1.0907351503241267E-5
76	76	8.222432900178466E-6	2.7137961768504428E-5	8.910861063998036E-6	1.2466317761659068E-5	3.164450258962762E-5	1.1652250798805151E-5	1.7363982740532634E-5	3.3786863328138342E-6	0.9998458825519001	1.5393068893424114E-5	3.3828196760333712E-6	1.4564563574267145E-5
77	77	6.783704085595224E-6	2.238946846495211E-5	7.351673809913713E-6	1.0285010745452165E-5	2.61074725826253E-5	9.613386002641511E-6	1.432570166143886E-5	2.787497150552178E-6	0.9998728494139109	1.2699650530429194E-5	2.7909072577097478E-6	1.2016113797842356E-5
78	78	4.614966637463277E-6	1.523159747131333E-5	5.0013575082538995E-6	6.996912137869044E-6	1.7760962659492427E-5	6.540004563208223E-6	0.9999166342170153	1.8963395498247921E-6	6.610802086425358E-6	8.639596121214218E-6	1.8986594521324088E-6	8.174584797523478E-6
79	79	2.9263402333691717E-6	9.658322583950212E-6	3.171349837950554E-6	4.436726656305805E-6	1.1262187507905637E-5	4.147002564303259E-6	6.1797915436981746E-6	1.2024647536415977E-6	4.191895118657037E-6	0.999946436497092	1.2039357986119242E-6	5.183486309498004E-6
80	80	1.6013564469989142E-6	5.285242283395391E-6	1.7354309833084979E-6	2.427872450930737E-6	0.9999738539378631	2.2693291833746525E-6	3.3817151255227983E-6	6.580146298695997E-7	2.2938953566845494E-6	2.9978706315801164E-6	6.588196173827384E-7	2.836515428039798E-6
81	81	3.153635244363177E-5	1.0408504846719814E-4	3.4176752611064574E-5	4.7813365627763774E-5	1.21369453382618E-4	4.469108990171671E-5	6.659788972175021E-5	1.2958627243499445E-5	0.31767240449428824	0.681795531459913	1.2974480284822407E-5	5.586098611468154E-5
82	82	1.0882047716392695E-5	3.591596288783288E-5	1.1793153738046038E-5	1.6498652695255597E-5	4.188018209724348E-5	1.5421268952309768E-5	2.2980508448417267E-5	4.4715507367175925E-6	0.7271286382183993	0.27268776583958715	4.477021044434212E-6	1.9275593696869205E-5
83	83	3.2032666944044054E-5	1.0572312373042718E-4	3.4714621342973045E-5	4.856584538004297E-5	1.232795480813811E-4	4.539443173546546E-5	6.764599756570087E-5	1.3162568222973284E-5	0.30693403263323576	0.6925255297748635	1.3178670757140996E-5	5.674011814066967E-5
84	84	6.419956351277229E-6	2.118892694310064E-5	0.15298398535873053	9.733520098323473E-6	2.4707568653905234E-5	9.097908420856877E-6	1.3557545878681615E-5	2.638029284599081E-6	0.8469026394441708	1.2018684932757694E-5	2.64125653903538E-6	1.1371799996101866E-5
85	85	7.255229454553995E-6	2.3945727736512153E-5	7.862677925356336E-6	1.09999068295535E-5	2.7922164893311968E-5	1.0281598431226667E-5	1.5321460272998424E-5	2.981252008635777E-6	1.0392899837305037E-5	0.9998672008471349	2.984899147364208E-6	1.285133632826042E-5
86	86	3.4350189753425482E-6	1.1337205758761502E-5	3.7226180150171837E-6	5.207952267147027E-6	0.9999439149105498	4.867866127369347E-6	7.2540099658284244E-6	1.4114863332839295E-6	4.920562247355123E-6	6.430637304017319E-6	1.4132130864922658E-6	6.084519369456289E-6
87	87	8.479339969333726E-6	2.7985877988123886E-5	9.189277832780883E-6	1.2855823543972776E-5	3.263322411692653E-5	0.9998409371252884	1.7906514369417794E-5	3.484252217497344E-6	1.214640164584015E-5	1.587402000153577E-5	3.4885147055947086E-6	1.5019628320530895E-5
88	88	2.3519352127289773E-5	7.762511249395902E-5	0.36401453377268883	3.565851138302176E-5	9.051556982389374E-5	3.332996364210447E-5	4.9667735737667754E-5	9.664355374354612E-6	3.369077055775295E-5	4.4030156526569474E-5	9.676178341574097E-6	0.635578088521303
89	89	7.607765924217723E-6	2.5109266722099996E-5	0.5700141965699823	1.1534399686686591E-5	2.92789216297482E-5	1.0781188201081519E-5	1.606594031302604E-5	3.1261130450627726E-6	0.25417748625892916	0.17568820784677813	3.129937400710358E-6	1.3475791387608319E-5
90	90	3.5706020614579402E-6	1.178469479906434E-5	3.869552876957634E-6	5.413514520453366E-6	1.374166594632631E-5	5.060004894893769E-6	7.540331836228208E-6	1.467198885223253E-6	5.1147809750268576E-6	0.9999346439789464	1.4689937948320711E-6	6.324680463051848E-6
91	91	1.304393681254706E-5	4.305123104403886E-5	1.4136048305320127E-5	1.9776368277165825E-5	5.020033574668946E-5	0.17625414328327627	2.7545946124625647E-5	5.359894275778577E-6	0.8235198521929846	2.441931973596888E-5	5.366451345740077E-6	2.3104992071256885E-5
92	92	2.093933967007332E-6	6.910983723708395E-6	2.2692498538703307E-6	3.1746864366723093E-6	8.058624454087617E-6	2.967375232600177E-6	4.421931282910339E-6	0.999958613200218	2.9994979650682577E-6	3.920016156255301E-6	8.61472645614812E-7	3.7090280642039356E-6
93	93	3.887736679217719E-6	1.2831390738905615E-5	4.213239782250613E-6	5.89433339318991E-6	1.4962176633952846E-5	5.509425662199748E-6	8.21005089578863E-6	0.9999231585226261	5.569066857777344E-6	7.2781619831025095E-6	1.5994672493355203E-6	6.886427498027707E-6
94	94	3.4554293798236404E-6	1.1404569856858983E-5	3.7447372929485444E-6	5.238897194395963E-6	1.329841730368286E-5	4.896790310127175E-6	7.297112283042747E-6	1.4198731885498412E-6	4.94979954312083E-6	0.9999367520907091	1.4216102018853192E-6	6.120672736379469E-6
95	95	0.2928535782918816	8.407277512634606E-6	2.7605640571174918E-6	3.862036282496009E-6	9.803393390031499E-6	0.7071011846937232	5.379321515357143E-6	1.0467091769978958E-6	3.6489178384839248E-6	4.76873698408382E-6	1.0479896771252835E-6	4.512067960880666E-6
96	96	2.737427559115397E-6	9.034820392600787E-6	2.966620335874937E-6	0.9999489199605197	1.0535146292463515E-5	3.879288873452686E-6	5.780849228809936E-6	1.124838498937508E-6	3.921283346305089E-6	5.124688947878983E-6	1.1262145792020484E-6	4.848861425651984E-6
97	97	9.234534311913708E-5	3.0478380565588704E-4	1.0007701278097353E-4	1.4000800068646505E-4	3.553963267258962E-4	1.308652939086369E-4	1.9501319908058563E-4	3.7945697153559074E-5	1.3228195021128465E-4	0.9983097180572891	3.799211832871138E-5	1.6357319505969976E-4
98	98	3.254485307990795E-5	1.0741358298283781E-4	3.526969057260338E-5	4.934238867328857E-5	0.41585209469166756	4.612026572927372E-5	0.5836852585750958	1.3373031028581889E-5	4.6619531525220954E-5	6.092663469160273E-5	1.338939103412304E-5	5.764736391916498E-5
99	99	6.775358115731142E-5	2.2361922772108858E-4	7.342629068678848E-5	1.0272357128983903E-4	0.998893757010646	9.60155868398824E-5	1.4308076795607508E-4	2.7840677015489224E-5	9.705498454561868E-5	1.2684026190205332E-4	2.78747361326235E-5	1.2001330410717154E-4
100	100	3.631961255533188E-5	1.1987209490661784E-4	3.936049406639446E-5	5.506543338107171E-5	0.9994069934595473	5.146958808274056E-5	7.669909055018582E-5	1.4924120396425505E-5	5.202676190762803E-5	6.799329408143429E-5	1.4942377939675087E-5	6.433367258532459E-5
101	101	2.4363943413141197E-5	8.04126677472163E-5	2.6403829299829147E-5	3.6939025736373746E-5	0.688378016285625	3.452685872227138E-5	0.311275634053457	1.001140704007972E-5	3.490062238839421E-5	4.561130069736769E-5	1.0023654575758084E-5	4.3156351297538746E-5
102	102	2.9695916963469622E-5	9.801073101099179E-5	3.2182225558053115E-5	4.5023017102689774E-5	0.9995151414966981	4.208295480907238E-5	6.271129188622323E-5	1.2202372461157038E-5	4.253851549581897E-5	5.5593192577122544E-5	1.2217300332082712E-5	5.260098510517781E-5
103	103	2.694414988283841E-5	8.892858333808369E-5	2.9200065115557323E-5	4.085096690177211E-5	0.9995600708272115	3.818334497915029E-5	5.6900160719314086E-5	1.1071641698220207E-5	3.8596691212557685E-5	5.044165886866341E-5	1.1085186280532577E-5	4.7726723791770323E-5
104	104	2.5271453505071718E-5	8.340788515772358E-5	2.738732122266301E-5	3.8314933489621905E-5	0.9995873816882703	3.5812917887727334E-5	5.3367791238614294E-5	1.0384312721612216E-5	3.620060353245813E-5	4.731023403451428E-5	1.0397016454468554E-5	4.4763842485204645E-5
105	105	2.8650890522360055E-5	9.456164386729588E-5	3.1049703646596766E-5	4.343861600846804E-5	0.9995322041102813	4.0602017192308465E-5	6.050442424654533E-5	1.1772959829047951E-5	4.104154628239596E-5	5.363681735354361E-5	1.178736237456118E-5	5.074990839550954E-5
106	106	2.2605127806403635E-5	0.9996185265887698	2.4497755793471965E-5	3.427242395269975E-5	8.69971253147079E-5	3.203438954589003E-5	4.77370936124523E-5	9.28869074375155E-6	3.238117148093342E-5	4.231865360203497E-5	9.30005413861043E-6	4.0040925239250514E-5
107	107	5.083255785035076E-5	0.26239855231209086	5.5088544477181066E-5	7.706901673671738E-5	0.724452073535969	0.012559216334925507	1.0734726180027077E-4	2.0887646096476015E-5	7.281612325590958E-5	9.516271820259339E-5	2.091319916706634E-5	9.004074942806489E-5
108	108	2.2731355518491487E-5	7.502434674702117E-5	2.463455199704047E-5	3.446380219662318E-5	0.9996288550029192	3.221327053851876E-5	4.8003658975852565E-5	9.340559071633476E-6	3.256198891429492E-5	4.255496223380081E-5	9.35198592003028E-6	4.026451496748021E-5
109	109	3.5068098238384824E-5	1.157414989992547E-4	3.8004195956904556E-5	5.3167968804864695E-5	0.9994274274929305	4.969603044154098E-5	7.405616560779723E-5	1.440985966978606E-5	5.023400496969001E-5	6.565035661563211E-5	1.4427488088021317E-5	6.21168396777693E-5
110	110	8.466304292546601E-5	0.9985712666583217	9.175150736076605E-5	1.2836059699008708E-4	3.2583055570359397E-4	1.199784810084767E-4	1.7878985866663107E-4	3.4788957173550706E-5	1.212772842757618E-4	1.5849616145244982E-4	3.4831516525347144E-5	1.4996537959611616E-4
111	111	3.911122428231555E-5	0.7975762397716454	4.2385835172338806E-5	5.929789344225346E-5	0.2019142595450184	5.542566292951654E-5	8.259436490925792E-5	1.6071223754152856E-5	5.602566245859219E-5	7.321942023640937E-5	1.609088461556184E-5	6.92785115357818E-5
112	112	2.0760584190454954E-5	0.9996496542316375	2.249877664852248E-5	3.147584693944655E-5	7.989829386905363E-5	2.9420432693544968E-5	4.384182029124375E-5	8.530747884120606E-6	2.9738917756750742E-5	3.886551664100152E-5	8.541184043459209E-6	3.677364740480201E-5
113	113	2.211393123989716E-5	0.9996268157889643	2.3965433497578605E-5	3.352770367880457E-5	8.510672727686037E-5	3.1338300486370775E-5	4.669979372730003E-5	9.086852778501083E-6	3.1677547047260174E-5	4.139909333559808E-5	9.09796925325465E-6	3.917085871426981E-5
114	114	3.476858115905065E-5	0.9994132619212788	3.767960162908908E-5	5.271386049758464E-5	1.3380887018261663E-4	4.9271576004600336E-5	7.342365094222417E-5	1.4286784872499635E-5	4.980495568536608E-5	6.508963607307248E-5	1.4304262726187388E-5	6.158629894894843E-5
115	115	2.7123679247940542E-5	0.9995422736585946	2.9394625685251745E-5	4.112315764386543E-5	1.0438702858652138E-4	3.843776130742156E-5	5.7279287534320936E-5	1.1145412250023207E-5	3.885386167436717E-5	5.0777752567324036E-5	1.1159047080136072E-5	4.804472782819379E-5
116	116	3.766376118975833E-5	0.18516877061511508	4.081718235757854E-5	5.710334408208776E-5	0.8143405847575351	5.3374420531889335E-5	7.95376389424001E-5	1.5476445562898855E-5	5.395221474293097E-5	7.050965058855509E-5	1.5495378797602727E-5	6.671459055413446E-5
117	117	3.129391828343653E-5	0.6381617075461887	3.391402050429117E-5	4.744580272831959E-5	1.204364316719822E-4	4.434752934353552E-5	6.60859217161184E-5	0.36132305014556165	4.482760473308255E-5	5.8584782135670276E-5	1.287473960500083E-5	5.543155752808145E-5
118	118	1.2688619330882619E-4	4.1878513388552536E-4	1.3750981652766136E-4	1.9237659030586838E-4	0.40569830587822586	1.7981414567798103E-4	2.6795593194546156E-4	0.5922821054604699	1.8176068807414738E-4	2.3754136262817032E-4	5.2202689465882376E-5	2.247561094847047E-4
119	119	2.9695916963469622E-5	0.999498865795377	3.2182225558053115E-5	4.5023017102689774E-5	1.1428643233214892E-4	4.208295480907238E-5	6.271129188622323E-5	1.2202372461157038E-5	4.253851549581897E-5	5.5593192577122544E-5	1.2217300332082712E-5	5.260098510517781E-5
120	120	3.3073684560705986E-5	1.091589798358261E-4	3.584279878873213E-5	5.014416855547575E-5	0.9994599911760763	4.686968832953946E-5	6.984439944355819E-5	1.359033358589376E-5	4.73770668513157E-5	6.191665060486838E-5	1.3606959430273848E-5	5.8584093937599026E-5
121	121	3.334459795320018E-5	1.1005312362238393E-4	3.613639456874024E-5	5.055490981389921E-5	0.9994555678520829	4.7253607643010415E-5	7.041650936875397E-5	1.3701654819853177E-5	4.776514220722459E-5	6.24238226992401E-5	1.3718416849964125E-5	5.9063968370872476E-5
122	122	2.531243739624486E-4	8.354315160322502E-4	2.743173651489336E-4	3.837707059875691E-4	0.9958671252596905	3.5870997361826785E-4	5.345434026705998E-4	1.0401153444382873E-4	3.6259311734393516E-4	4.738695924078931E-4	1.0413877779473457E-4	4.483643808990689E-4
123	123	1.6229798967658273E-4	5.356610011195873E-4	1.7588648694753429E-4	2.4606565185139167E-4	0.9973500882138009	2.2999724081815062E-4	3.4273791294863094E-4	6.668999385224888E-5	2.3248703036482827E-4	3.038351503363012E-4	6.677157959497468E-5	2.8748174868888695E-4
124	124	4.6215725204862325E-5	1.5253400045210926E-4	5.008516472825237E-5	7.006927547889444E-5	0.9992454152071006	6.54936595376811E-5	9.759751943746608E-5	1.8990539783834417E-5	6.620264816863392E-5	8.651962876128332E-5	1.9013772014091637E-5	8.186285933235989E-5
125	125	9.448881510375005E-5	3.1185828853418757E-4	1.0239994825291198E-4	1.4325779344218572E-4	0.23247843474074825	1.3390287091876745E-4	1.9953974383899007E-4	3.8826472902914714E-5	1.3535240990931243E-4	1.7689081299994172E-4	3.8873971582195236E-5	0.7661461741317666
126	126	5.083255785035076E-5	1.6777175664250992E-4	5.5088544477181066E-5	7.706901673671738E-5	0.9991700341178674	7.203630847558546E-5	1.0734726180027077E-4	2.0887646096476015E-5	7.281612325590958E-5	9.516271820259339E-5	2.091319916706634E-5	9.004074942806489E-5
127	127	8.293811698270107E-5	2.737354594623006E-4	8.988216095097891E-5	1.257453765098603E-4	0.9986458323103349	1.175340378687794E-4	1.7514719175010113E-4	3.408016650554666E-5	1.1880637930132676E-4	1.5526695858811764E-4	3.4121858752553525E-5	1.4690998299278754E-4
128	128	3.0360343681021316E-5	1.0020365700720143E-4	3.2902281804080116E-5	4.603037766019043E-5	0.9995042931048393	4.302453339588836E-5	6.41144160218627E-5	1.2475392563236502E-5	4.349028695501242E-5	5.683705389676711E-5	1.2490654435509615E-5	5.377789773988149E-5
129	129	4.6215725204862325E-5	0.999220085349777	5.008516472825237E-5	7.006927547889444E-5	1.7786385777560331E-4	6.54936595376811E-5	9.759751943746608E-5	1.8990539783834417E-5	6.620264816863392E-5	8.651962876128332E-5	1.9013772014091637E-5	8.186285933235989E-5
130	130	5.8926664381778906E-5	1.9448618000926447E-4	6.386033496965073E-5	8.934077440777278E-5	0.9990378780243808	8.350670421385904E-5	1.244402472728187E-4	2.4213601740757635E-5	8.441068948989789E-5	1.1031554960682209E-4	2.4243223646053704E-5	1.0437800588063106E-4
131	131	6.068351564955054E-5	2.002846295821032E-4	6.576427967157491E-5	9.200439798851849E-5	0.9990091931288356	8.59963896678844E-5	1.2815033350418306E-4	2.4935510869025236E-5	8.692732654036804E-5	1.1360451929847154E-4	2.496601592768522E-5	1.0748995246513118E-4
132	132	5.979218757552015E-5	1.9734282057132902E-4	6.479832461586952E-5	9.065302435790981E-5	0.9990237462405128	8.47332625145582E-5	1.262680432524402E-4	2.4569254553122143E-5	8.565052565438624E-5	1.1193588002628058E-4	2.4599311549159314E-5	1.0591112481675197E-4
133	133	7.969087127741795E-5	0.9986551746678692	8.636303763653823E-5	1.2082211385710417E-4	3.066948691613159E-4	1.1293227074916199E-4	1.6828971792631585E-4	3.274583823349833E-5	1.1415479666379307E-4	1.491878482491067E-4	3.2785898119234384E-5	1.4115807025722295E-4
134	134	4.469350374966682E-5	1.4750994149586091E-4	4.8435494361761495E-5	6.776138235353122E-5	0.41737787385785163	6.333647487195094E-5	0.581986778259154	1.836504257532896E-5	6.402211132784339E-5	8.366990532597695E-5	1.8387509598523158E-5	7.916651733389528E-5
135	135	5.036764529640542E-4	0.0016623732282373194	5.458470683868535E-4	7.636414657246936E-4	0.0019384275935908852	7.137746726108718E-4	0.0010636546800996951	2.069660851538069E-4	7.215014988642134E-4	9.429236376380641E-4	2.072192787860291E-4	0.9907299943379436
136	136	2.9059948981136597E-5	9.591173245422985E-5	3.149301077205009E-5	4.405880382782893E-5	1.1183887323277082E-4	4.1181705930532594E-5	0.9994750546232246	1.1941046360220521E-5	4.1627510326165596E-5	5.440260834434009E-5	1.1955654535749526E-5	5.147448201024994E-5
137	137	9.908881078819052E-5	3.2704047469917543E-4	1.0738508135605349E-4	1.5023200759518304E-4	3.813489471616069E-4	1.4042165970539996E-4	0.9982100377000941	4.0716660726725876E-5	1.4194176655197758E-4	1.8550238226899696E-4	4.07664717825503E-5	1.7551803726994293E-4
138	138	2.5115535926847198E-5	8.289328256646339E-5	2.721834935097238E-5	3.8078541402465676E-5	9.665857433263474E-5	3.559196251509365E-5	0.9995463073772569	1.0320244507619107E-5	3.597725625122977E-5	4.701834353781545E-5	1.033286986210829E-5	4.4487662489823047E-5
139	139	9.972189889919949E-4	0.003291299683029826	0.0010807117515176541	0.0015119185459652434	0.003837854229117284	0.9812932940913228	0.002105908740588515	4.097680345748462E-4	0.0014284864639183916	0.0018668757514641863	4.102693276102025E-4	0.0017663943918989084
140	140	2.251271916556452E-4	7.430274219773886E-4	0.33206325373832996	3.413231998412879E-4	8.664148538309182E-4	3.1903434550926106E-4	0.6641139747404174	9.250719036882377E-5	3.2248798858625847E-4	4.2145657045899705E-4	9.262035978746908E-5	3.9877239923644754E-4
141	141	1.2305070310950105E-4	4.061261815223508E-4	1.3335319759340768E-4	1.8656146962601724E-4	0.99799089619582	1.7437876003464846E-4	2.5985621420606623E-4	5.0562860638264405E-5	1.7626646274078727E-4	2.3036101034132065E-4	5.062471712229188E-5	2.1796222724513825E-4
142	142	7.25860351787492E-5	2.3956863759453222E-4	7.866334484167932E-5	1.1005022364823565E-4	2.793515016869126E-4	1.0286379915308539E-4	0.9986887897287684	2.9826384476334384E-5	1.0397733082395182E-4	1.358870122470372E-4	2.986287282473217E-5	1.2857312875632444E-4
143	143	6.160182009514081E-5	2.03315473523163E-4	6.67594697118523E-5	9.339667143843915E-5	2.3707812264228364E-4	8.729774582847324E-5	0.9988872110312074	2.5312852066861062E-5	8.824277027415391E-5	1.1532366055115382E-4	2.5343818748923725E-5	1.0911656391221777E-4
144	144	9.02969629984809E-5	2.9802317141580404E-4	9.785713079677071E-5	1.3690238002761953E-4	3.475130188510166E-4	1.2796247436764019E-4	0.998368855592497	3.710399567638212E-5	1.2934770677266481E-4	1.6904332199201236E-4	3.714938714923275E-5	1.599448574552768E-4
145	145	2.379430021033479E-5	7.85325726893274E-5	2.5786492375602187E-5	3.607536977673682E-5	9.157372322344807E-5	3.3719600633878734E-5	0.9995701744728758	9.777334506163325E-6	3.4084625487558416E-5	4.454488189262689E-5	9.789295687316397E-6	4.21473306411655E-5
146	146	4.72894840464733E-5	1.560779182615936E-4	5.124882467780662E-5	7.169723876925135E-5	1.8199627999862403E-4	6.701531468181905E-5	0.9991457522504118	1.9431758869101782E-5	6.774077568895362E-5	8.852979339558302E-5	1.9455530868291298E-5	8.376483033071673E-5
147	147	6.890035055761929E-5	2.27404115298848E-4	7.466907404819067E-5	1.0446222843878028E-4	2.651669339374616E-4	9.764070738790081E-5	0.9987553687548834	2.831189692652373E-5	9.869769751404246E-5	1.2898710829145063E-4	2.8346532514342862E-5	1.220446002014754E-4
148	148	2.0345542947617925E-5	6.715002401052566E-5	2.2048985826797494E-5	3.084658841216955E-5	7.830098394348725E-5	2.8832265576574042E-5	0.9996324735905329	8.360202962471309E-6	2.914438355322554E-5	3.808852538766286E-5	8.370430484302288E-6	3.603847636228593E-5
149	149	4.236770691371912E-5	1.3983369939312665E-4	0.0833080140505523	6.423516052138274E-5	1.630545396264248E-4	6.0040519968026854E-5	0.9159725612445979	1.740934757873646E-5	6.069047671734142E-5	7.93158228588432E-5	1.7430645444736115E-5	7.504678582751177E-5
150	150	3.87390275680535E-5	1.2785732177492828E-4	4.198247606323695E-5	5.873359300147572E-5	1.4908935993510113E-4	5.489821205047337E-5	0.99930020959652	1.591828411124399E-5	5.549250176459491E-5	7.252263745519416E-5	1.5937757872705317E-5	6.861923188305453E-5
151	151	2.9480857154359422E-5	9.730093076714331E-5	3.1949159736453125E-5	4.469695741321863E-5	0.8257090538982984	4.1778187246610326E-5	0.1738718561085162	1.2114002066822483E-5	4.223044873251222E-5	5.51905829726382E-5	1.212882182911236E-5	5.222004526655811E-5
152	152	2.7676914617874903E-5	9.134705748146004E-5	2.9994181020883326E-5	4.1961937114895354E-5	0.9995481066500104	3.9221767374665354E-5	5.844759982480907E-5	1.1372742628503507E-5	3.9646354843907546E-5	5.181345456295768E-5	1.1386655565071345E-5	4.902468495460187E-5
153	153	2.383062954581719E-4	7.865247687454429E-4	2.582586340665359E-4	3.6130449951387276E-4	0.9961090666476001	3.377108400060656E-4	5.032508567149455E-4	9.792262621815315E-5	3.4136666177269124E-4	4.4612893388825385E-4	9.804242065399264E-5	4.2211681536170404E-4
154	154	2.531243739624486E-4	8.354315160322502E-4	2.743173651489336E-4	3.837707059875691E-4	0.9958671252596905	3.5870997361826785E-4	5.345434026705998E-4	1.0401153444382873E-4	3.6259311734393516E-4	4.738695924078931E-4	1.0413877779473457E-4	4.483643808990689E-4
155	155	1.5712313228760262E-5	5.185814963447223E-5	1.7027836149622114E-5	2.3821986978597704E-5	0.9997434580422327	2.2266379865127838E-5	3.318097441842476E-5	6.456358915589334E-6	2.250742014732141E-5	2.9414739279917536E-5	6.464257354425597E-6	2.78315417951432E-5
156	156	7.390381342111715E-5	2.4391793615310996E-4	8.009145486379278E-5	1.1204815327663103E-4	0.9987933394207781	1.0473126134629425E-4	1.5606871546205861E-4	3.036787376438578E-5	1.058650088590157E-4	1.3835400121700313E-4	3.0405024548078462E-5	1.309073363103122E-4
157	157	2.542931905308166E-5	8.392891698108632E-5	2.7558404159086606E-5	3.8554278961820004E-5	0.9995848041469394	3.603663378547127E-5	5.370116880268172E-5	1.0449181377393132E-5	3.642674122231421E-5	4.760577129044768E-5	1.0461964467843553E-5	4.504347295931012E-5
158	158	1.1281981906247403E-4	0.24980329609367	1.2226572659647768E-4	1.7105006891757738E-4	0.7487270036869946	1.598802742146102E-4	2.3825082123179068E-4	4.635888007412468E-5	1.616110264359998E-4	2.1120795614332254E-4	4.64155935845677E-5	1.9984005307444402E-4
159	159	6.254834440435421E-5	0.09239764170523174	6.77852423408894E-5	9.483173000942886E-5	0.7992311403643956	0.10764504171669041	1.3208844460895803E-4	2.5701789110925712E-5	8.959863812104253E-5	1.1709563170347615E-4	2.5733231602263205E-5	1.1079316178093719E-4
160	160	1.5031237574589994E-4	4.961027418340827E-4	1.6289737024696314E-4	2.2789384386677242E-4	5.784857622177701E-4	2.1301207581973057E-4	0.9972847238386021	6.176497585944749E-5	2.1531799582905542E-4	2.813970978517404E-4	6.184053654162567E-5	2.66251385584767E-4
161	161	1.0689474013730577E-4	3.528037755148426E-4	1.1584456685746038E-4	1.6206684977297924E-4	0.5255920701484206	1.5148367110736234E-4	2.2573834840994712E-4	4.3924201259673696E-5	1.531235275659608E-4	2.0011572234812663E-4	4.397793628612081E-5	0.4728519565123197
162	162	4.899705279336221E-5	1.6171371194124263E-4	5.309936065000313E-5	7.42861433984558E-5	0.9992000032289687	6.943516043021295E-5	1.0347107594182272E-4	2.0133417278175377E-5	7.018681699790074E-5	9.172650216538621E-5	2.0158047656847892E-5	8.678948177797334E-5
163	163	1.7485549821956833E-6	5.771067861912799E-6	0.9999666161017139	2.651045292362359E-6	6.729413706859998E-6	2.4779285444338683E-6	3.6925662878999228E-6	7.18500095074034E-7	2.5047528687840186E-6	3.273438364488682E-6	7.193790779696547E-7	3.097251204170706E-6
164	164	3.948065323205461E-6	1.3030504122251016E-5	0.999924622438231	5.985799757854907E-6	1.5194354865636244E-5	5.594919152828507E-6	8.337451817836916E-6	1.6223026092777234E-6	5.65548584124471E-6	7.391102153539172E-6	1.6242872662803493E-6	6.993288859059882E-6
165	165	8.060818625376746E-7	2.660455735352666E-6	8.735715536366467E-7	1.2221288713814286E-6	3.102252082345561E-6	1.1423222470387198E-6	1.70226886840959E-6	3.312277284775468E-7	1.1546882301239823E-6	1.5090513713420192E-6	0.9999840681221589	1.4278292903720517E-6
166	166	4.700223524155236E-6	1.5512985979998866E-5	0.9999102620245571	7.126173082138794E-6	1.8089078656845074E-5	6.660824597633613E-6	9.925845688361357E-6	1.931372523804808E-6	6.732930034187758E-6	8.799204006911856E-6	1.9337352839841527E-6	8.325602064729413E-6
167	167	5.81471719464519E-6	1.9191348210275026E-5	6.301557905908737E-6	8.815895869585799E-6	2.2378271195123793E-5	8.240206262389793E-6	1.227941294683061E-5	2.38932998946077E-6	8.329408982133668E-6	1.0885627582440775E-5	0.9998850744963625	1.029972749865262E-5
168	168	7.661804409940545E-7	2.5287619574276146E-6	8.303293614597427E-7	1.1616329322666346E-6	2.9486891828125652E-6	1.0857767723964134E-6	1.6180057794409837E-6	3.148318041488307E-7	1.0975306336528423E-6	1.4343526370108253E-6	0.999984856757412	1.3571510862649592E-6
169	169	2.461050471478582E-6	8.122643798515637E-6	0.9999530129395682	3.731284593914651E-6	9.471493287128914E-6	3.487626797363549E-6	5.197201172588016E-6	1.0112721737345221E-6	3.5253814100358565E-6	4.607288368001333E-6	1.0125093217176943E-6	4.359309037420293E-6
