0	0	1.3092688979778026E-4	5.01736709597048E-5	4.709157347919292E-5	8.327389711457849E-5	9.232690417535847E-6	1.5434732599070646E-5	0.9994331724560302	4.719238865342652E-5	9.221140755801E-6	8.01504140444307E-5	9.413014614812219E-5
1	1	2.7516269515555583E-5	1.054475711478673E-5	9.89700763354596E-6	0.9998554988295856	1.9403897722995547E-6	3.243842901580636E-6	4.287504538676575E-5	9.918195469824313E-6	1.9379624359013533E-6	1.6844823840513455E-5	1.9782876343819477E-5
2	2	8.705037250675162E-5	3.335935615532767E-5	3.131013819715978E-5	5.536695918698793E-5	6.138610191744108E-6	1.0262209881915195E-5	0.9996231289926321	3.1377167960754735E-5	6.130931078936203E-6	5.329022487217412E-5	6.258503733621824E-5
3	3	0.029896268846863853	2.1164752117706957E-5	1.9864631398415124E-5	3.512741556664157E-5	3.894624418125778E-6	6.5108309440777475E-6	0.9699198552453736	1.9907158248285672E-5	3.889752426043363E-6	3.380983717026263E-5	3.970690547296275E-5
4	4	8.654156537775217E-5	3.3164371599352956E-5	3.112713126604714E-5	5.504334077233754E-5	6.10273017724485E-6	1.0202227536098099E-5	0.99962533179372	3.11937692424436E-5	6.095095948648563E-6	5.2978744914763906E-5	6.221922944535717E-5
5	5	4.729082818754748E-5	1.812274359040161E-5	1.7009489142569828E-5	3.0078554275867353E-5	3.334850288728895E-6	5.575029610729845E-6	0.9997952617370256	1.70459036109097E-5	3.330678547770483E-6	2.8950351341808375E-5	3.3999834378064115E-5
6	6	3.3643679236971284E-5	1.2892896902361675E-5	1.210090452270937E-5	2.1398509409813588E-5	2.372481889561397E-6	3.966192074627292E-6	0.999854344939367	1.2126810533226943E-5	2.369514026234751E-6	2.059588236599952E-5	2.4188189671563885E-5
7	7	0.26023799466692144	2.5898360420613844E-5	2.4307460853670295E-5	4.298384710248751E-5	4.765677685360615E-6	7.967012582506905E-6	0.7395370046099226	2.435949905753753E-5	4.759716046584265E-6	4.137158535701269E-5	4.85875640502161E-5
8	8	0.26301541614453516	9.93918315917522E-5	9.328633227561838E-5	1.6496192125643465E-4	1.828955293814336E-5	3.057552524674952E-5	0.7361210838647032	9.348604269400428E-5	1.8266673567108035E-5	1.5877443891062134E-4	1.864676722812436E-4
9	9	1.1209378981447211E-4	4.2956469335399924E-5	4.031771431951418E-5	7.129541329982615E-5	7.90461959864642E-6	1.3214532740180762E-5	0.9995147074243274	4.040402779544036E-5	7.894731291080774E-6	6.862122577963851E-5	8.059005169854757E-5
10	10	7.21944309263492E-5	2.766627717206487E-5	2.596677698529069E-5	4.5918081629311515E-5	5.091000264671823E-6	8.51086998409068E-6	0.9996874454740851	2.6022367507174906E-5	5.0846316626403614E-6	4.419576100361199E-5	5.190432877977812E-5
11	11	7.830331121712762E-5	3.0007316129876714E-5	2.816400923859716E-5	4.9803534568774694E-5	5.5217857252418914E-6	9.231034756304616E-6	0.9996609980298895	2.8224303666851094E-5	5.514878230848089E-6	4.793547624018406E-5	5.629632033674935E-5
12	12	7.830331121712762E-5	3.0007316129876714E-5	2.816400923859716E-5	0.11110969110160711	5.5217857252418914E-6	9.231034756304616E-6	0.8886011104628512	2.8224303666851094E-5	5.514878230848089E-6	4.793547624018406E-5	5.629632033674935E-5
13	13	1.4646914560790815E-4	5.612975859146139E-5	5.2681787091121696E-5	9.315929356186346E-5	1.0328697788570879E-5	1.7266980831547512E-5	0.999365884684189	5.279456997672384E-5	1.0315777073132087E-5	8.966502361233727E-5	1.0530428167626672E-4
14	14	0.4939514570237525	3.335935615532767E-5	3.131013819715978E-5	5.536695918698793E-5	6.138610191744108E-6	1.0262209881915195E-5	0.5057587223413863	3.1377167960754735E-5	6.130931078936203E-6	5.329022487217412E-5	6.258503733621824E-5
15	15	1.8721306329878764E-4	7.174360172932947E-5	6.733649397932251E-5	1.1907379298268967E-4	1.3201873642808805E-5	2.207020708681544E-5	0.9991894902488511	6.748065013872127E-5	1.31853587194284E-5	1.146075077556638E-4	1.345972018152325E-4
16	16	7.047622913342104E-5	2.7007829609964345E-5	2.5348776923510185E-5	4.4825247609139056E-5	4.969836268082103E-6	8.308314303847677E-6	0.9996948841606974	2.5403044410734442E-5	4.96361923651513E-6	4.314391760209394E-5	5.066902420536948E-5
17	17	6.948401225815868E-5	2.6627593257470433E-5	2.4991897951124293E-5	4.4194164367846425E-5	4.899867209392164E-6	8.191343663411524E-6	0.9996991798088668	2.5045401420221246E-5	4.893737705828754E-6	4.25365053776305E-5	4.995566792215421E-5
18	18	1.1042183583685596E-4	4.2315744814545194E-5	3.971634859768005E-5	7.02319944427269E-5	7.786716901259048E-6	1.301742913066009E-5	0.9995219458882382	3.980137465028299E-5	7.776976084425881E-6	6.759769422110117E-5	7.938799708234901E-5
19	19	1.6254925253180862E-4	6.229196098581118E-5	5.846545412796729E-5	1.0338678137311835E-4	1.1462633295162013E-5	1.916263535231255E-5	0.8895113245363891	0.10984353445234589	1.1448294079704486E-5	9.950889319344443E-5	1.1686510632551953E-4
20	20	1.8487544717446893E-4	7.08477828304553E-5	6.649570396548712E-5	0.13746792416486764	1.3037029843156882E-5	2.1794629779099183E-5	0.8618492734189651	6.66380601342405E-5	1.302072113162145E-5	1.1317647322539683E-4	1.3291656808322994E-4
21	21	5.873425271015584E-5	2.250808122071094E-5	2.1125441698934198E-5	3.735695642691493E-5	4.141816650618843E-6	6.92407408736036E-6	0.9997457192158005	2.1170667732559528E-5	4.136635432672713E-6	3.5955751187400684E-5	4.222710705224011E-5
22	22	4.01155953876581E-5	1.5373058097093305E-5	1.4428712931142291E-5	2.551486534325767E-5	2.8288678796344207E-6	4.729154483218405E-6	0.9998263257880518	1.4459602389715222E-5	2.8253290988863634E-6	2.45578397602336E-5	2.8841186577420808E-5
23	23	1.5571134789850035E-4	5.9671546053054815E-5	5.600600756981183E-5	9.90376444785286E-5	1.0980438562808112E-5	1.8356527228029824E-5	0.7048592307463362	5.6125907054881565E-5	1.0966702550295464E-5	9.532288611420745E-5	0.2945785902461536
24	24	6.636935479887771E-5	2.5433997360130155E-5	2.387162295770783E-5	4.22131376649902E-5	4.680228080084003E-6	7.82416236783539E-6	0.08078936317100281	2.392272810561255E-5	4.674373334747343E-6	4.06297841123998E-5	0.9189710174402148
25	25	1.5736631685465803E-4	6.0305761591077854E-5	5.6601264146402446E-5	1.0009026029179475E-4	1.1097143512008667E-5	1.855162850430325E-5	0.6379516951789954	5.6722437976138304E-5	1.108326150709022E-5	9.633601983541319E-5	0.36148015072678574
26	26	1.027582919740175E-4	3.93789292470693E-5	3.6959937447264146E-5	6.535772328152584E-5	7.246299817372939E-6	1.2113987901231557E-5	0.31247105528780733	3.70390624851025E-5	7.2372350369097095E-6	6.290624989974854E-5	0.6871579469951025
27	27	1.6747388844068053E-5	6.417917500326564E-6	6.023673926365717E-6	1.0651901513071819E-5	1.1809908318924668E-6	1.974319171104542E-6	0.30203251346619886	6.0365696036928136E-6	1.1795134678735884E-6	1.0252364140692295E-5	0.6979070218948021
28	28	2.767054121735177E-5	1.0603876961109137E-5	9.952495831517484E-6	1.759939311166254E-5	1.951268690030439E-6	3.2620297115514936E-6	0.9998802047085763	9.973802458737255E-6	1.9488277446175134E-6	1.69392654085779E-5	1.9893790288686137E-5
29	29	5.901881633060432E-4	2.2617131404989639E-4	2.1227793084982948E-4	0.3192634622065666	4.16188348193021E-5	0.6777067519922987	9.196139132949467E-4	2.1273238235789023E-4	4.15667716132134E-5	3.6129954454859E-4	4.243169462949507E-4
30	30	1.971861684095328E-4	7.55654850341719E-5	7.092360441067666E-5	0.9989644805554532	1.390515615514277E-5	2.3245918285672517E-5	3.0724971331675993E-4	7.107543997291576E-5	1.388776145839684E-5	1.2071281206075704E-4	1.417673854427133E-4
31	31	2.364870629457972E-5	9.06263342908081E-6	8.505928704784171E-6	0.9998758092648997	1.6676573034792093E-6	2.7879029169223054E-6	3.684872163158581E-5	8.524138473985667E-6	1.6655711425798634E-6	1.4477191080100299E-5	1.700228412330732E-5
32	32	1.0569241623167812E-4	4.050334139255088E-5	3.801527854862322E-5	0.8495382981177774	7.453208122912035E-6	1.245988646644903E-5	0.15007134697963004	3.809666289506286E-5	7.443884509884186E-6	6.470245291406083E-5	7.598777151127818E-5
33	33	3.021126137359159E-5	1.1577529182717382E-5	1.0866337977408454E-5	0.9998413461306694	2.130434961194342E-6	3.561550583705408E-6	4.707430278119328E-5	1.0889600987657147E-5	2.1277698871978016E-6	1.8494635530087533E-5	2.172044606579747E-5
34	34	1.1294889858359828E-4	4.328416325742893E-5	4.062527846845411E-5	0.9841498279099014	7.964920080471474E-6	1.331533995568071E-5	0.01543301674559512	4.0712250387727424E-5	7.954956339837456E-6	6.914470359236547E-5	8.120483383791334E-5
35	35	4.744235901776399E-5	1.8180813082675324E-5	0.1858625754657927	0.8139053458720785	3.3455359259288777E-6	5.592893304341748E-6	7.392329454368609E-5	1.71005226570323E-5	3.3413508177406012E-6	2.9043115011678695E-5	3.410877776789226E-5
36	36	1.0800537699507191E-4	4.1389711888821505E-5	0.08757439027391817	0.9118972687262942	7.616313278081499E-6	1.2732557198567276E-5	1.6829081565946253E-4	3.893036591401334E-5	7.6067856281712E-6	6.611839400256348E-5	7.765067922282164E-5
37	37	1.2329503189298783E-4	4.724899805318649E-5	4.43465590832855E-5	0.9993525184653111	8.69450776113575E-6	1.4535026769530873E-5	1.9211470818695562E-4	4.4441497641297734E-5	8.683631340607084E-6	7.547836713380635E-5	8.864320682596019E-5
38	38	3.7879823707637184E-4	1.4516267923679306E-4	1.3624554163489441E-4	2.409283950012253E-4	2.671205937173178E-5	0.9978144756412982	5.902323204784313E-4	1.365372205278187E-4	2.6678643841043276E-5	2.3189152043453156E-4	2.723377410990362E-4
39	39	5.139469264911805E-5	1.9695422399743943E-5	1.8485560522094614E-5	0.9997301017408375	3.624246226780506E-6	6.058826718298841E-6	8.008170506994397E-5	1.852513501211806E-5	3.6197124651064873E-6	3.146264225687663E-5	3.6950315842462824E-5
40	40	9.54698670111312E-5	3.6585866366959886E-5	3.433844846041461E-5	0.9994986417939162	6.732335333700385E-6	1.1254768755765774E-5	1.487583510859536E-4	3.441196132925042E-5	6.723913498647615E-6	5.8444444693733434E-5	6.863824954812246E-5
41	41	7.37094900573673E-4	2.824687660768583E-4	2.651171102064323E-4	0.7969970914449668	5.19783906564354E-5	8.689477545876976E-5	0.2002805882753627	2.6568468155058325E-4	5.191336813293962E-5	4.512324516550151E-4	5.299358353597105E-4
42	42	6.957493015709243E-6	0.9999617039009956	2.502459915501622E-6	4.425199120367349E-6	4.906278549458094E-7	8.202061808940522E-7	1.0840961877408636E-5	2.5078172631915514E-6	4.900141025609624E-7	4.259216321273867E-6	5.002103352525784E-6
43	43	7.98137783499717E-6	3.058615582457824E-6	0.1908294827886177	5.076424237150097E-6	5.628300708107151E-7	9.409100975788954E-7	0.8091388338103533	2.8768749136315023E-6	5.621259968476463E-7	4.886014928698861E-6	5.738227366678072E-6
44	44	1.6078408535382012E-4	6.161551539610798E-5	5.7830561631905615E-5	0.4018954717855206	1.133815739785219E-5	0.5972791281655787	2.5052905347934355E-4	5.795436718173553E-5	1.1323973895891276E-5	9.842829866934068E-5	1.1559603589471225E-4
45	45	7.99955584022741E-5	3.0655817393300645E-5	0.10808596456297781	0.891522712944747	5.6411194571783596E-6	9.430530695103803E-6	1.2464673655337687E-4	2.88342714663035E-5	5.634062681895121E-6	4.897143083105919E-5	5.751296479460378E-5
46	46	9.078673387830266E-5	3.47912008003223E-5	3.2654026655405255E-5	5.774341044858891E-5	6.402090580569133E-6	0.9442909832495543	1.414612301768573E-4	0.05521793513541706	6.394081866179558E-6	5.557753889461804E-5	6.527130172781506E-5
47	47	2.6867168026275015E-5	1.0296009095239948E-5	9.663539852213025E-6	0.9998589075738147	1.8946164929575861E-6	3.167321509128877E-6	4.186363445412502E-5	9.684227873061269E-6	1.8922464167802936E-6	1.6447458920266365E-5	1.9316203545394995E-5
48	48	6.413150988818413E-4	2.457641268534402E-4	2.3066718493775846E-4	0.99663214585318	4.522419937732162E-5	7.560346906793773E-5	9.992784071341048E-4	2.311610047598918E-4	4.516762602963899E-5	3.9259827211748265E-4	4.610747576604285E-4
49	49	9.134684442298206E-5	3.500584579962848E-5	3.285548631668629E-5	0.9995202937692793	6.4415884046342245E-6	1.0768713131544501E-5	1.4233397802558583E-4	3.29258244118661E-5	6.433530280323317E-6	5.592042561663553E-5	6.567399431076123E-5
50	50	1.8567832673213312E-6	7.115546152662486E-7	6.678448239551843E-7	1.180976490053374E-6	1.3093647230233983E-7	0.9999892870539977	2.893185314047897E-6	6.692745679054007E-7	1.3077267693008584E-7	1.1366797752274924E-6	1.3349379992780365E-6
51	51	6.892714517813745E-6	2.6414191215426733E-6	2.479160489400313E-6	4.383997821097822E-6	4.860598107670629E-7	8.125695617493467E-7	1.0740025918928295E-5	2.4844679569200035E-6	0.9999599044936553	4.2195604229666535E-6	4.955530723453353E-6
52	52	8.13135352444361E-5	3.116089115250537E-5	2.9246721782901667E-5	0.999572983503206	5.7340604273637655E-6	9.585904584775802E-6	1.2670036947387347E-4	2.9309334117433397E-5	5.726887387295463E-6	4.97782657735482E-5	5.8460526849764234E-5
53	53	3.2678373093575316E-5	1.2522973253453975E-5	1.175370475914775E-5	0.9998283901400008	2.3044105193953E-6	3.852393891362043E-6	5.091848401763326E-5	1.1778867473103513E-5	2.301527810153075E-6	2.0004944269231783E-5	2.3494180912202952E-5
54	54	5.248785883007349E-5	2.0114344443582683E-5	0.19144906582603904	3.338404022833638E-5	3.7013340193590224E-6	6.187698088538024E-6	0.5247422977748707	1.8919165018895978E-5	3.696703824479957E-6	0.28363240900480857	3.7736249828494656E-5
55	55	7.149719381189258E-5	2.739908266667585E-5	2.571599585959094E-5	4.547461541833374E-5	5.0418325617245E-6	8.428673970449728E-6	1.1140483371040955E-4	0.09660345793063037	5.035525466178326E-6	0.6422853866880768	0.26081115762782764
56	56	4.055511338255145E-5	1.554148974081988E-5	1.4586798057764605E-5	2.579441354258697E-5	2.8598617693239563E-6	4.780968459202531E-6	6.319179007747904E-5	0.624523003526036	2.8562842166767484E-6	0.05480626422708109	0.3205005655276366
57	57	3.7100044030041644E-5	1.42174415403048E-5	1.3344084261227283E-5	2.3596873448042442E-5	2.6162175053220486E-6	4.3736566254791494E-6	5.78082021888833E-5	1.3372651711418301E-5	2.6129447401967434E-6	2.27117889584578E-5	0.9998082460949905
58	58	2.9906150848449195E-5	1.1460605034297745E-5	1.0756596313673753E-5	1.9021315886242375E-5	2.1089192051405443E-6	3.5255816595523297E-6	4.659888849561708E-5	1.077962438539454E-5	2.106281046343491E-6	0.8766316095914521	0.12323212644567315
59	59	1.2740999122977164E-5	4.882592862944352E-6	4.582662104971075E-6	8.103703156337586E-6	8.98468608658099E-7	1.502013183173318E-6	1.9852651732516607E-5	4.592472817258497E-6	8.973446666606863E-7	0.9999327869252472	9.160166497281831E-6
60	60	2.1675347234185986E-5	8.30640475570079E-6	7.79615408677489E-6	1.3786248480279482E-5	1.5285001500831797E-6	2.555267211100727E-6	3.377389133051844E-5	0.9940244309182205	1.5265880682417274E-6	0.005869037146735539	1.5583533727231444E-5
61	61	9.863618791654584E-6	3.7799260678139824E-6	3.5477305679174925E-6	6.27359267223342E-6	6.955617661168924E-7	1.1628040560919056E-6	1.536920195998476E-5	0.9999454831249325	6.946916510419752E-7	6.038279312588892E-6	7.091468222011883E-6
62	62	5.9941818261734944E-6	2.2970843276242726E-6	2.1559776937409354E-6	3.812500865557951E-6	4.226971647532241E-7	7.066431791062482E-7	9.33995859098656E-6	0.9999668697596032	4.221683904687636E-7	3.6694994891229184E-6	4.309528869184938E-6
63	63	9.2475612172996E-6	3.5438411040936813E-6	3.326147968842853E-6	0.11180491631132054	6.521186745397329E-7	1.0901781505923734E-6	1.4409279087939967E-5	3.3332686947441393E-6	6.513029047303604E-7	5.661143112866864E-6	0.8881531688477637
64	64	1.0231692965251856E-5	3.920979082235683E-6	3.6801188956209965E-6	6.5077002028561505E-6	7.215175869628831E-7	1.2061956500942717E-6	1.594272435878805E-5	0.30544485887140355	7.206150023761265E-7	6.263605809372313E-6	0.6945059459790428
65	65	2.94892052106218E-5	1.1300823546531961E-5	1.060662997619408E-5	1.8756124463758898E-5	2.0795170708582126E-6	3.4764286976347696E-6	4.594921601237739E-5	1.0629336995095323E-5	2.0769156927491157E-6	0.8126259486317075	0.18723968717062672
66	66	7.91403895760156E-5	3.032810045623782E-5	2.8465088238535984E-5	5.0335944505668045E-5	5.580814740249951E-6	9.3297163995779E-6	1.2331423753062773E-4	0.3046993356965047	5.573833403333E-6	0.6949116980391681	5.689813947704404E-5
67	67	5.944164666029377E-5	2.277916801844917E-5	2.1379876018981886E-5	0.542016742297061	4.1917005923740375E-6	7.007467471862528E-6	9.26202331672695E-5	2.142564675388627E-5	4.1864569719615395E-6	0.45770748981795334	4.2735689330591235E-5
68	68	8.40842152859701E-5	3.2222668369952914E-5	3.024327553106413E-5	5.348038362095618E-5	5.929442988646929E-6	9.912535009012643E-6	0.011489028390906696	0.4429927303494844	5.9220255341783105E-6	0.5452359942005283	6.045251274083748E-5
69	69	3.77623975246981E-5	1.4471267980016552E-5	1.3582318502573658E-5	2.4018152505787522E-5	2.6629252883647927E-6	4.451740272710611E-6	0.15308603515931604	1.361139597238762E-5	2.659594093998375E-6	0.31372886680593093	0.5330718782426125
70	70	2.4673334703462685E-5	9.455290496873857E-6	8.874465405536065E-6	1.5693069152892573E-5	1.7399119557270407E-6	2.9086944940303097E-6	3.844526761361261E-5	0.2416404545140707	1.7377354076540226E-6	0.7582382787739569	1.7738942742668387E-5
71	71	5.382349004069363E-5	2.062618369210276E-5	1.935914646771747E-5	3.4233546515303006E-5	3.795519938681635E-6	6.34515321955607E-6	8.386618604183557E-5	1.9400591158985198E-5	3.7907719216446538E-6	0.9997160629064766	3.869650452674533E-5
72	72	1.6413216040442538E-5	6.289856134791301E-6	5.903479188974607E-6	1.0439356391816877E-5	1.1574256647476602E-6	1.9349241478682303E-6	2.5574592597987807E-5	5.9161175494932646E-6	1.1559777796452123E-6	0.8768654394284771	0.12305977562602725
73	73	2.13318330051549E-5	8.174763578521657E-6	7.67259944049443E-6	1.3567761898875838E-5	1.5042762451576058E-6	2.51477094423561E-6	3.3238637518137316E-5	7.689025191266164E-6	1.5023944662825842E-6	1.305885483364476E-5	0.9998897450828783
74	74	2.8143913092732465E-5	1.078528205484972E-5	1.0122757467510699E-5	1.7900473515453327E-5	1.984649884562049E-6	3.317834659852843E-6	4.385302122912904E-5	1.0144428596386068E-5	1.9821671808438284E-6	1.7229052723218553E-5	0.9998545364195957
75	75	2.4308756326597845E-5	9.31557713815822E-6	0.04269557244417438	1.546118506634523E-5	1.7142026511546972E-6	2.865715013138315E-6	3.787719226290867E-5	8.762052455520071E-6	1.7120582642132476E-6	1.4881258445009087E-5	0.9571875295582027
76	76	3.0522661706898554E-5	1.1696863705092562E-5	1.097834194924357E-5	1.941343748842682E-5	2.152394261363935E-6	3.598261001888243E-6	4.755951766166399E-5	1.1001844741243036E-5	2.149701717315067E-6	1.8685267612516716E-5	0.9998422417081543
77	77	2.526271236378991E-5	9.681151210787799E-6	9.086451815975984E-6	1.6067933130212474E-5	1.7814736355715513E-6	2.9781751530535783E-6	3.936361862490032E-5	9.105904387961024E-6	1.7792450957906314E-6	1.546524826924781E-5	0.9998694280863129
78	78	1.678536102955356E-5	6.432469163037817E-6	6.037331701065155E-6	1.067605309776324E-5	1.1836685509890285E-6	1.9787956428978944E-6	2.6154458022316943E-5	0.8944754695499016	1.182187837269425E-6	1.0275609834480148E-5	0.10544382451521911
79	79	1.1182157754787993E-5	4.285215242451717E-6	4.021980544858658E-6	7.112227716013373E-6	7.885423758974501E-7	1.3182442131815083E-6	1.7423710760918148E-5	4.030590931801308E-6	7.875559464501993E-7	0.9999410103400985	8.039434415155543E-6
80	80	5.965202109932311E-6	2.2859787499279226E-6	2.1455543159391285E-6	3.794068793182252E-6	4.206535757788268E-7	7.032268131353582E-7	9.294803245766748E-6	2.1501475884974262E-6	0.9999652999121859	3.6517587770414777E-6	4.288693844925774E-6
81	81	1.1469886176471892E-4	4.395478238675185E-5	4.125470241533704E-5	7.295232651219978E-5	8.08832382372336E-6	1.3521639928135062E-5	1.7872040761893952E-4	4.13430218258956E-5	8.078205710807056E-6	0.743753720187126	0.25572366754088743
82	82	4.033415707277927E-5	1.545681508613204E-5	1.4507324847078863E-5	2.565387791208964E-5	2.844280392518332E-6	4.7549203222409155E-6	6.284750242596367E-5	1.453838260060175E-5	2.840722331441114E-6	0.5176129234932438	0.48220329852376537
83	83	1.1650390409069275E-4	4.464650889054059E-5	4.190393714059431E-5	7.410039402661769E-5	8.215611633064935E-6	1.3734433080668066E-5	1.8153297171333505E-4	4.1993646453997676E-5	8.205334289082239E-6	0.7397211136396925	0.25974804961898884
84	84	2.6577800371761895E-5	1.0185117913861187E-5	0.0861720174405383	0.4415995015206451	1.874210891212257E-6	3.133208483323952E-6	4.141275024855718E-5	9.57992576341362E-6	1.8718663414835938E-6	1.6270314734254506E-5	0.47211757584406877
85	85	3.090492193251186E-5	1.1843353084092764E-5	1.1115832693356146E-5	1.9656567824356165E-5	2.1793504529260824E-6	3.6433249637276686E-6	4.815514435130158E-5	1.1139629830018556E-5	2.176624187948631E-6	0.9998369660959844	2.2219154695393744E-5
86	86	0.9999365265343583	4.976811134736256E-6	4.671092681891275E-6	8.260078452811578E-6	9.158061508090114E-7	1.5309971862019684E-6	2.0235743788157775E-5	4.681092709237871E-6	9.146605203613095E-7	7.950254893455992E-6	9.33692812392697E-6
87	87	3.260640811603528E-5	0.05727022394470178	1.1727820511587991E-5	2.073877015580579E-5	2.299335699703499E-6	3.843910071219793E-6	5.0806350297016E-5	1.1752927811703553E-5	2.296459338822169E-6	0.7906170589419074	0.15197664513138892
88	88	8.554158872252116E-5	3.278116155178794E-5	0.23690563034080747	5.4407322050489774E-5	6.032213915102133E-6	1.0084342109333265E-5	1.332883985912685E-4	3.083332925161434E-5	6.024667899035209E-6	5.236658233246074E-5	0.762683010052769
89	89	2.8578494987740598E-5	1.0951822091345362E-5	0.4227190664575124	1.817688218955122E-5	2.0152956908121884E-6	3.3690667280109433E-6	4.453017401185661E-5	1.0301072947463552E-5	2.0127746506308386E-6	0.18531449778535905	0.3918465001738312
90	90	1.3607505005825144E-5	5.2146543754251915E-6	4.894325549472911E-6	8.654829986348657E-6	9.59572791104237E-7	1.6041639836539305E-6	2.1202815824854925E-5	4.904803481012916E-6	9.583724106467525E-7	0.9999282158139775	9.783142614080038E-6
91	91	4.8530888933858866E-5	1.859795842175956E-5	1.745551220050529E-5	3.086727453924225E-5	3.4222967788067915E-6	5.7212181137599126E-6	7.561940998299141E-5	1.749288152953415E-5	3.418015646399666E-6	0.40647092239280264	0.5933079521510505
92	92	7.837728113325676E-6	0.13710625846964397	2.819061461924911E-6	4.9850581918595855E-6	5.527001929009401E-7	9.239754935005817E-7	1.221251843015985E-5	0.8628534254536747	5.52008790938987E-7	4.7980758912167944E-6	5.634950115412426E-6
93	93	1.4331948011230407E-5	0.9999211127199518	5.154892046341667E-6	9.11560005726893E-6	1.0106589965765176E-6	1.6895672502324581E-6	2.2331621701658697E-5	5.1659278071245805E-6	1.009394709677266E-6	8.773687123688533E-6	1.0303982344406685E-5
94	94	1.382347957005131E-5	5.2974199305979E-6	4.972006933920384E-6	8.792197059442001E-6	9.7480286563394E-7	1.6296248317056972E-6	2.1539341066343382E-5	4.982651168298225E-6	9.735834330691E-7	0.9999270764751871	9.938417953823356E-6
95	95	9.424143931208147E-6	3.6115109540267487E-6	3.389660955823779E-6	5.99407190786038E-6	6.645709181783315E-7	1.110995165149171E-6	1.468442510179432E-5	0.9999479121316255	6.637395711974779E-7	5.7692429665693315E-6	6.775506902636296E-6
96	96	0.8361290209819711	4.023863661984767E-6	3.776683421485986E-6	6.678459083855364E-6	7.404498567249352E-7	1.2378456359657502E-6	1.636105367432578E-5	3.7847686683578172E-6	7.395235887586071E-7	6.427959772475771E-6	0.16382720841066495
97	97	3.9922569068980164E-4	1.5299086745487322E-4	1.435928553480316E-4	2.539209412470342E-4	2.8152560673814712E-5	4.7063989620418266E-5	6.220617805117665E-4	0.37763292026973805	2.811734314370727E-5	0.620404929602331	2.8702409924163014E-4
98	98	1.1836666751804762E-4	4.536035521671719E-5	4.257393289890737E-5	7.528517409920579E-5	8.346969813744539E-6	1.3954030868723351E-5	0.9994875499789175	4.266507656105129E-5	8.336528146852232E-6	7.246133643962746E-5	8.50999495195288E-5
99	99	2.7890262810596707E-4	1.0688078448971874E-4	1.0031524941345425E-4	1.773914342099923E-4	1.9667629972091362E-5	3.287932290030333E-5	0.9987925345821616	1.005300075665742E-4	1.9643026691462315E-5	1.707377388655583E-4	2.0051759562347103E-4
100	100	1.3209497074871297E-4	5.062130176630928E-5	4.7511706959912215E-5	8.40168358117377E-5	9.315061042998955E-6	1.5572435535110455E-5	0.9994281154317811	4.76134215695847E-5	9.303408339483441E-6	8.086548618888682E-5	9.49699402560702E-5
101	101	9.24880582204882E-5	3.544318060273261E-5	3.326595626280457E-5	5.882550984351464E-5	6.522064414633915E-6	1.0903248747796311E-5	0.9995995873806472	3.333717310541366E-5	6.513905618617228E-6	5.661905031110898E-5	6.649447222566031E-5
102	102	1.0800537699507191E-4	4.1389711888821505E-5	3.8847200561832884E-5	6.869504549905963E-5	7.616313278081499E-6	1.2732557198567276E-5	0.999532407569811	3.893036591401334E-5	7.6067856281712E-6	6.611839400256348E-5	7.765067922282164E-5
103	103	1.027582919740175E-4	3.93789292470693E-5	3.6959937447264146E-5	6.535772328152584E-5	7.246299817372939E-6	1.2113987901231557E-5	0.9995551240058318	3.70390624851025E-5	7.2372350369097095E-6	6.290624989974854E-5	7.387827707803436E-5
104	104	0.1863264832584345	3.522315575353525E-5	3.3059447228184665E-5	5.846033172709924E-5	6.4815766193829825E-6	1.0835563353294492E-5	0.8133675037203677	3.3130221969526625E-5	6.473468471695049E-6	5.626756949605372E-5	6.608168657902507E-5
105	105	1.0420470393275844E-4	3.993322178240822E-5	3.748018057792612E-5	6.627768984319643E-5	7.3482977633403625E-6	1.2284502772895782E-5	0.9995488619909056	3.756041936920244E-5	7.3391053882410844E-6	6.379170985034356E-5	7.491817781406319E-5
106	106	0.9995562785026709	3.47912008003223E-5	3.2654026655405255E-5	5.774341044858891E-5	6.402090580569133E-6	1.070268271948477E-5	1.414612301768573E-4	3.2723933459180834E-5	6.394081866179558E-6	5.557753889461804E-5	6.527130172781506E-5
107	107	0.9990964185323641	7.08477828304553E-5	6.649570396548712E-5	1.1758699065407286E-4	1.3037029843156882E-5	2.1794629779099183E-5	2.88067507989152E-4	6.66380601342405E-5	1.302072113162145E-5	1.1317647322539683E-4	1.3291656808322994E-4
108	108	8.603867161376134E-5	3.297165315716637E-5	3.0946251244565075E-5	5.472348345634373E-5	6.06726716087741E-6	1.0142942306112668E-5	0.9996275089938166	3.101250198712045E-5	6.05967729484768E-6	5.267088498265613E-5	6.185767297995461E-5
109	109	0.9993366288358911	5.201343526193915E-5	4.88183236684036E-5	8.632737795998799E-5	9.571233998638478E-6	1.6000692185187205E-5	2.114869383240741E-4	4.8922835525680933E-5	9.559260834796727E-6	8.30893632532034E-5	9.75817030969151E-5
110	110	0.9982387377525352	1.3809659636153138E-4	1.2961351821373212E-4	2.292007249483365E-4	2.5411796616304993E-5	4.248212253382566E-5	5.615015853191872E-4	1.2989099905491745E-4	2.53800076532054E-5	2.206037382712665E-4	2.5908115849264683E-4
111	111	0.9993047627012388	5.4511986934762356E-5	5.1163392853929405E-5	9.047425681015698E-5	1.0031004106070313E-5	1.6769311985519506E-5	2.2164606434351122E-4	5.127292511169586E-5	1.0018455791435403E-5	8.708069869383753E-5	1.0226920213023015E-4
112	112	0.9996309535020841	2.8936102692651978E-5	2.715859892426157E-5	4.8025627633664294E-5	5.324666761294776E-6	8.901501504225576E-6	1.1765436631288973E-4	2.7216740937369278E-5	5.318005853459404E-6	4.622425601488952E-5	5.428663128125295E-5
113	113	0.9996068966493417	3.082234620220266E-5	2.8928973168972387E-5	5.115625062661838E-5	5.671763197386807E-6	9.481759309360643E-6	1.253238436846417E-4	2.8990905256922638E-5	5.664668088224959E-6	4.923745388116732E-5	5.782538724287168E-5
114	114	0.9993819537783918	4.845960885214664E-5	4.548280377703576E-5	8.042904584373109E-5	8.917277881582016E-6	1.4907442293571435E-5	1.970370589235449E-4	4.558017484469483E-5	8.906122786103858E-6	7.741226901755016E-5	9.091441738829144E-5
115	115	0.999517844974941	3.780468693693358E-5	3.548239861058328E-5	6.274493275493786E-5	6.956616172272654E-6	1.1629709819952588E-5	1.5371408280050078E-4	3.555836048515798E-5	6.947913772433026E-6	6.0391461355275216E-5	7.092486235092297E-5
116	116	0.2499353604395482	0.7494476256772183	4.92699806321305E-5	8.712606088242411E-5	9.659785062298673E-6	1.6148727256997095E-5	2.1344357143339925E-4	4.937545941134583E-5	9.647701125238575E-6	8.385808873791792E-5	9.848450869170405E-5
117	117	0.3393140152461045	0.6600746270250487	4.88183236684036E-5	8.632737795998799E-5	9.571233998638478E-6	1.6000692185187205E-5	2.114869383240741E-4	4.8922835525680933E-5	9.559260834796727E-6	8.30893632532034E-5	9.75817030969151E-5
118	118	0.8419192139109254	0.1560023453169068	1.6596828592104284E-4	2.934883025766489E-4	3.2539447927241435E-5	5.4397760020680906E-5	7.189948775536005E-4	1.6632359623297742E-4	3.249874260738316E-5	2.8247998212872685E-4	3.3174977719960534E-4
119	119	0.999430585454951	4.464650889054059E-5	4.190393714059431E-5	7.410039402661769E-5	8.215611633064935E-6	1.3734433080668066E-5	1.8153297171333505E-4	4.1993646453997676E-5	8.205334289082239E-6	7.132099574872802E-5	8.376071207237711E-5
120	120	0.9994120810230623	4.609739961683932E-5	4.326570170636923E-5	7.65084563181596E-5	8.482596779843375E-6	1.4180764990662799E-5	1.874323020690873E-4	4.3358326329706435E-5	8.471985449991547E-6	7.363873511723988E-5	8.648270855976067E-5
121	121	0.9993712132898751	4.930174630756738E-5	4.6273209922389885E-5	8.182675237940316E-5	9.072243509294516E-6	1.5166505786185319E-5	2.0046119484531288E-4	4.637227311726773E-5	9.060894559100164E-6	7.875754960880895E-5	9.249434008956689E-5
122	122	0.9955016775823824	3.5270330474855636E-4	3.3103724073249547E-4	5.853862822832191E-4	6.490257459137251E-5	1.0850075530599607E-4	0.0014340937429417949	3.317459360390348E-4	6.482138452126823E-5	5.634292920910513E-4	6.617019043627624E-4
123	123	0.9971154466700051	2.2617131404989639E-4	2.1227793084982948E-4	3.753794844229374E-4	4.16188348193021E-5	6.957620774338334E-5	9.196139132949467E-4	2.1273238235789023E-4	4.15667716132134E-5	3.6129954454859E-4	4.243169462949507E-4
124	124	0.9990732756408743	7.266236470166426E-5	6.819881864471151E-5	1.2059867588974937E-4	1.3370939488070052E-5	2.2352842591227776E-5	2.9544560871154685E-4	6.834482089683907E-5	1.335421307126407E-5	1.1607519451712214E-4	1.3632088061343747E-4
125	125	0.3948926231346655	1.3168649369010678E-4	1.235971790624073E-4	2.1856179380887905E-4	2.423224382740475E-5	4.051020740835107E-5	0.6039633061276918	1.238617799287908E-4	2.4201930429399847E-5	2.103638580042912E-4	2.4705525148316663E-4
126	126	0.9990964185323641	7.08477828304553E-5	6.649570396548712E-5	1.1758699065407286E-4	1.3037029843156882E-5	2.1794629779099183E-5	2.88067507989152E-4	6.66380601342405E-5	1.302072113162145E-5	1.1317647322539683E-4	1.3291656808322994E-4
127	127	0.998280585712077	1.348153923354293E-4	1.26533873899496E-4	2.2375486776357904E-4	2.480800701131271E-5	4.147273841308725E-5	5.4816019015845E-4	1.268047617378322E-4	2.477697336062817E-5	2.1536214728886568E-4	2.529253359544306E-4
128	128	0.999430585454951	4.464650889054059E-5	4.190393714059431E-5	7.410039402661769E-5	8.215611633064935E-6	1.3734433080668066E-5	1.8153297171333505E-4	4.1993646453997676E-5	8.205334289082239E-6	7.132099574872802E-5	8.376071207237711E-5
129	129	0.9991784810123289	6.44134490516891E-5	6.045662218939448E-5	1.0690784282922759E-4	1.1853018175560308E-5	1.9815260531666935E-5	2.6190546842815065E-4	6.0586049695194254E-5	1.1838190606967227E-5	1.028978847425578E-4	1.208452014206734E-4
130	130	0.9990232413722597	7.658543873965141E-5	7.188090380592199E-5	1.2710985311803282E-4	1.4092842577578827E-5	2.3559682704468003E-5	3.1139685117292844E-4	7.203478878588479E-5	1.4075213093940525E-5	1.223421469337423E-4	1.4368090680809658E-4
131	131	0.9990098770757826	7.763330305339353E-5	7.286439930033063E-5	1.288490072078876E-4	1.4285664960779261E-5	2.388203315587722E-5	3.156574737289345E-4	7.30203897794794E-5	1.4267794265403084E-5	1.240160678767856E-4	1.4564679088851723E-4
132	132	0.9989371671288615	8.333432583173696E-5	7.821521633120971E-5	1.3831106918602977E-4	1.5334736662509784E-5	2.5635816772699087E-5	3.388378663839438E-4	7.83826620137294E-5	1.5315553627745778E-5	1.3312322163732928E-4	1.563424026915727E-4
133	133	0.9986863496160951	1.0300036072845188E-4	9.667319458292646E-5	1.7095104420312556E-4	1.895357515825484E-5	3.168560312695178E-5	4.1880008169111214E-4	9.688015570644683E-5	1.892986512663415E-5	1.6453891854437494E-4	1.9323758503668248E-4
134	134	0.702786189786737	6.229196098581118E-5	5.846545412796729E-5	1.0338678137311835E-4	1.1462633295162013E-5	1.916263535231255E-5	0.2966726278356536	5.859061887633065E-5	1.1448294079704486E-5	9.950889319344443E-5	1.1686510632551953E-4
135	135	0.0018308195578768192	7.016048286595831E-4	6.5850623863488E-4	0.9903854856203684	1.2910556581886438E-4	2.1583198345750777E-4	0.0028527294222994563	6.599159902374935E-4	1.289440608245605E-4	0.001120785392757084	0.001316271339065348
136	136	1.0569241623167812E-4	4.050334139255088E-5	3.801527854862322E-5	6.722392480766918E-5	7.453208122912035E-6	1.245988646644903E-5	0.9995424211725998	3.809666289506286E-5	7.443884509884186E-6	6.470245291406083E-5	7.598777151127818E-5
137	137	0.9982387377525352	1.3809659636153138E-4	1.2961351821373212E-4	2.292007249483365E-4	2.5411796616304993E-5	4.248212253382566E-5	5.615015853191872E-4	1.2989099905491745E-4	2.53800076532054E-5	2.206037382712665E-4	2.5908115849264683E-4
138	138	0.9995745400238374	3.335935615532767E-5	3.131013819715978E-5	5.536695918698793E-5	6.138610191744108E-6	1.0262209881915195E-5	1.3563934130140322E-4	3.1377167960754735E-5	6.130931078936203E-6	5.329022487217412E-5	6.258503733621824E-5
139	139	0.003622591287301667	0.9800601862944502	0.0013029678170354182	0.002304089668767507	2.554575604490224E-4	4.270606895312677E-4	0.005644615661761701	0.001305757252974594	2.551379950485416E-4	0.002217666607978176	0.0026044691647017287
140	140	8.185996182351059E-4	3.137029219628229E-4	0.3320212601647762	5.206568375085557E-4	5.772593286796232E-5	9.6503218190511E-5	0.6647291730908854	2.9506292706536633E-4	5.765372043931996E-5	5.011277548828554E-4	5.885338131859752E-4
141	141	4.4748919262953187E-4	1.7148635810180794E-4	1.6095219422386053E-4	2.846181486818547E-4	3.155600188107101E-5	5.275368596839561E-5	0.9980626653516104	1.6129676592332027E-4	3.1516526805990156E-5	2.739425348380426E-4	3.2172323933595177E-4
142	142	0.9987097711998599	1.0116392722517146E-4	9.494957058641173E-5	1.679030915282504E-4	1.8615644492950406E-5	3.112066818165205E-5	4.1133313210224836E-4	9.515284171954351E-5	1.8592357196707767E-5	1.616052901524799E-4	1.8979227695480177E-4
143	143	2.2403972375373252E-4	8.585627749108505E-5	8.058224807526016E-5	1.4249678529951006E-4	1.579881271023314E-5	2.6411635020502445E-5	0.9990300549675997	8.075476117642956E-5	1.5779049138147065E-5	1.3715193761187151E-4	1.6107380212342987E-4
144	144	3.2838945448712133E-4	1.2584507629809382E-4	1.18114591659952E-4	2.0886671705644324E-4	2.315733746021111E-5	3.8713234738807114E-5	0.9985782890875973	1.1836745522466151E-4	2.312836871954619E-5	2.0103242951558865E-4	2.3609624724239744E-4
145	145	8.654156537775217E-5	3.3164371599352956E-5	3.112713126604714E-5	5.504334077233754E-5	6.10273017724485E-6	1.0202227536098099E-5	0.99962533179372	3.11937692424436E-5	6.095095948648563E-6	5.2978744914763906E-5	6.221922944535717E-5
146	146	1.7199022090266095E-4	6.590991938466834E-5	6.18611664712255E-5	1.0939155418938726E-4	1.2128390637633499E-5	2.027561392001133E-5	0.9992553951701469	6.199360087116852E-5	1.2113218591034095E-5	1.0528843569287236E-4	1.2365270919228522E-4
147	147	2.505814929427874E-4	9.602758757136657E-5	9.012874899622947E-5	1.5937824150840657E-4	1.7670482757804908E-5	2.954059585331572E-5	0.9989151465185772	9.032169955749126E-5	1.7648377814466135E-5	1.5340019488935044E-4	1.801560595317764E-4
148	148	8.086941054357979E-5	3.099069413155529E-5	2.9086979723676073E-5	5.1435659884107675E-5	5.70274168240526E-6	9.533547532615264E-6	0.999649888503183	2.914925007720476E-5	5.695607820614781E-6	4.950638290276457E-5	5.8141222518437295E-5
149	149	1.540908261829354E-4	5.9050531351908286E-5	5.5423140921402E-5	9.800693826667002E-5	1.0866162760963174E-5	1.8165486874215843E-5	0.999332887807169	5.5541792586567384E-5	1.0852569702107162E-5	9.433084019704609E-5	1.1078390398708236E-4
150	150	1.4089399714374928E-4	5.399325580716509E-5	5.067652664414361E-5	8.961331198145677E-5	9.935549980042916E-6	1.660973673236117E-5	0.9993900214197067	5.078501660287137E-5	9.923121074032898E-6	8.625204665663567E-5	1.0129601767076484E-4
151	151	1.0722322340417522E-4	0.2969549855518048	3.8565876814246616E-5	6.819756955842797E-5	7.561157442829728E-6	1.2640350536165538E-5	0.7026218982057338	3.864843989938578E-5	7.55169879027676E-6	6.563957766274563E-5	7.708834835301255E-5
152	152	1.0569241623167812E-4	0.9994182376860629	3.801527854862322E-5	6.722392480766918E-5	7.453208122912035E-6	1.245988646644903E-5	1.6468682792950318E-4	3.809666289506286E-5	7.443884509884186E-6	6.470245291406083E-5	7.598777151127818E-5
153	153	8.665068813724468E-4	0.9952304898844901	3.116638036495135E-4	5.511274651061539E-4	6.110425285999496E-5	1.0215091819484354E-4	0.001350165648209903	3.123310236709705E-4	6.102781431183862E-5	5.304554734449018E-4	6.229768346893462E-4
154	154	9.203701030608991E-4	0.9949340107840702	3.3103724073249547E-4	5.853862822832191E-4	6.490257459137251E-5	1.0850075530599607E-4	0.0014340937429417949	3.317459360390348E-4	6.482138452126823E-5	5.634292920910513E-4	6.617019043627624E-4
155	155	5.7147374569130683E-5	0.9996854439509463	2.0554675917389767E-5	3.6347648657875246E-5	4.029913323280439E-6	6.736999913278445E-6	8.90453655791105E-5	2.0598680037040654E-5	4.024872091136857E-6	3.4984301088512144E-5	4.10862178768792E-5
156	156	2.6877676319629965E-4	0.9985205732136272	9.667319458292646E-5	1.7095104420312556E-4	1.895357515825484E-5	3.168560312695178E-5	4.1880008169111214E-4	9.688015570644683E-5	1.892986512663415E-5	1.6453891854437494E-4	1.9323758503668248E-4
157	157	9.24880582204882E-5	0.9994909183773039	3.326595626280457E-5	5.882550984351464E-5	6.522064414633915E-6	1.0903248747796311E-5	1.441121839461383E-4	3.333717310541366E-5	6.513905618617228E-6	5.661905031110898E-5	6.649447222566031E-5
158	158	0.2248800758149927	1.4154150383233167E-4	1.3284680990212577E-4	2.3491828287873102E-4	2.604571005310532E-5	4.354186611294399E-5	5.755085996634675E-4	1.3313121267946297E-4	0.7733407392581352	2.261068388985087E-4	2.6554410285152405E-4
159	159	0.9987541950810114	9.768075100140095E-5	9.168036094029274E-5	1.6212201844864336E-4	1.7974689045029877E-5	3.0049152133872418E-5	3.9717051677990535E-4	9.187663324293896E-5	1.7952203553924835E-5	1.5604105673712673E-4	1.832575371055589E-4
160	160	5.466112128879753E-4	2.0947179896112824E-4	1.9660424329961636E-4	3.476630810829811E-4	3.854587942280759E-5	6.443900041932115E-5	0.9976335320285534	1.9702514006689198E-4	3.849766033947734E-5	3.3462274328800593E-4	3.9298721167834366E-4
161	161	3.887437967700733E-4	1.4897400661463428E-4	1.398227445748789E-4	2.4725410483790884E-4	2.7413399438870723E-5	4.582829823545745E-5	0.9983169943783364	1.401220816603633E-4	2.737910656472433E-5	2.379799620723416E-4	2.7948812089450024E-4
162	162	1.782002128158927E-4	0.9990191333319071	6.409476639053026E-5	1.133413175150383E-4	1.2566306278330571E-5	2.100769855725556E-5	2.776663532857698E-4	6.423198255392685E-5	1.2550586419848636E-5	1.0909004912634545E-4	1.2811739515002858E-4
163	163	2.1580569129580852E-5	8.270083985826952E-6	0.6544435519955366	1.3725966424058694E-5	0.34543867596730343	2.5440939929551924E-6	3.3626210863356296E-5	7.778681730684361E-6	1.5199128753575015E-6	1.3211125336605147E-5	1.5515392821632122E-5
164	164	2.9511449823676694E-6	1.1309348104762637E-6	1.0614630882897118E-6	1.8770272784411348E-6	0.9999828331990758	3.479051074556748E-7	4.598387691703965E-6	1.0637355030400014E-6	2.0784823740347883E-7	1.8066227083469836E-6	2.121731516907048E-6
165	165	9.388289943799334E-6	3.5977710250509545E-6	0.9999481030699026	5.9712675682534416E-6	6.620425699796454E-7	1.1067684038694965E-6	1.4628558468543752E-5	3.3839941398069134E-6	6.612143858435447E-7	5.747293984657376E-6	6.74972960753674E-6
166	166	6.947698728865E-6	2.6624901155724377E-6	0.9999615942586534	4.418969625141135E-6	4.89937182323607E-7	8.190515502549759E-7	1.0825700706458826E-5	2.5042869281163763E-6	4.893242939377457E-7	4.253220485376073E-6	4.995061730644372E-6
167	167	1.5246985098356909E-5	5.842934286715574E-6	0.9999157171620624	9.697594362389037E-6	1.0751854980389085E-6	1.7974393060022387E-6	2.3757405695340826E-5	5.495751466074014E-6	1.0738404915193598E-6	9.333851666758908E-6	1.09618500664247E-5
168	168	3.027169852656209E-6	1.1600689847662273E-6	1.08880759155385E-6	1.925381648092283E-6	0.9999823909626484	3.568675409603202E-7	4.716847418314122E-6	1.0911385463073127E-6	2.1320264573743455E-7	1.8531633757432078E-6	2.176389747635703E-6
169	169	1.8254698327773942E-5	6.99554712390282E-6	0.9998990910156444	1.161060094494422E-5	1.287283143945145E-6	2.152013141082572E-6	2.8443936373081478E-5	6.579876903560025E-6	1.2856728132401E-6	1.1175104147720035E-5	1.3124251436333864E-5
