0	0	3.588049507746879E-6	3.5898187489335626E-6	0.9998890458862032	3.5840765685534812E-6	3.095948050311849E-5	1.4712620636145648E-5	1.0838089464887164E-5	1.0881709253923717E-5	3.575300798332422E-6	2.2053795660797374E-5	3.5832949540415726E-6	3.5878777002744776E-6
1	1	1.350380557270853E-7	1.3510464201287825E-7	2.773588671538968E-6	0.9999931854857393	1.1651756879149104E-6	5.537169097209287E-7	4.07896971871386E-7	4.0953862466631094E-7	1.345582516082623E-7	8.300057401678973E-7	1.3485911569662353E-7	1.3503158966607294E-7
2	2	8.365637261799036E-5	8.369762296853451E-5	0.0017182442841463515	8.356374243525908E-5	7.21828902147634E-4	3.4302884379580937E-4	2.526930714819107E-4	2.5371007900014067E-4	8.335913291077016E-5	0.9962090200627413	8.354551887543622E-5	8.365236687896733E-5
3	3	2.4178478273238638E-5	2.419040050549881E-5	4.966092933775478E-4	2.41517061721957E-5	2.0862396828115695E-4	9.91426616676843E-5	7.30336942353799E-5	7.332763112761798E-5	2.409256964992568E-5	0.9989043258370064	2.4146439174219942E-5	2.4177320529113406E-5
4	4	2.704751193838088E-6	2.7060848870331064E-6	0.9147009506776071	2.7017563042739427E-6	2.3337942152308806E-5	1.1090699318441268E-5	8.169991901111071E-6	8.202873464260312E-6	2.6951409342989716E-6	0.08523203429344973	2.7011671059421912E-6	2.7046216815598757E-6
5	5	1.241213126731125E-5	1.241825159920891E-5	0.8692647105982982	1.239838768805488E-5	1.0709805846959311E-4	5.0895334144E-5	0.13038895827296876	3.764307136253288E-5	1.236802968666154E-5	7.629064373087992E-5	1.2395683850802551E-5	1.2411536934123943E-5
6	6	3.3522559528963895E-6	3.3539089259914833E-6	0.9998963373867417	3.3485441008071674E-6	2.8924936122280556E-5	1.3745760754900056E-5	1.0125849670760649E-5	1.0166602926017064E-5	3.340345042265394E-6	2.060450047532733E-5	3.3478138511562754E-6	3.3520954359857766E-6
7	7	1.385717358109951E-5	1.3864006452880618E-5	0.9995714913043706	1.3841829949995422E-5	1.1956660419152826E-4	5.682065912071563E-5	4.185708326436566E-5	4.2025544426048465E-5	1.3807937616291972E-5	8.51725356447694E-5	1.3838811327219557E-5	1.3856510054589506E-5
8	8	5.851956135702265E-6	5.8548416928261556E-6	0.7539914541144269	5.8454764408598785E-6	0.24587807804110343	2.3995658481874574E-5	1.7676462937983187E-5	1.7747604958610094E-5	5.831163532891423E-6	3.596880270299538E-5	5.844201660835566E-6	5.851675925022309E-6
9	9	1.073322182615153E-5	1.073851429998157E-5	0.8493752156622935	1.0721337252771904E-5	0.15038548994051706	4.401104850722311E-5	3.242085097966164E-5	3.255133437202521E-5	1.0695085583647886E-5	6.597129733714226E-5	1.0718999146254493E-5	1.07327078846051E-5
10	10	1.3724025632748729E-5	1.3730792850242283E-5	0.8170123316889069	1.3708829432359126E-5	1.1841773729264739E-4	5.6274692503383125E-5	4.145489556512232E-5	4.162173805197771E-5	1.3675262756313856E-5	0.1826476311287124	1.3705839814302519E-5	1.3723368481795253E-5
11	11	4.596544456299772E-5	4.598810979030562E-5	9.440985775138922E-4	4.591454841012915E-5	3.966127785284987E-4	1.8847904600174684E-4	1.388435692962085E-4	0.9977739033471061	4.5802124604737735E-5	2.825246752201654E-4	4.590453537702044E-5	4.5963243588113974E-5
12	12	5.491937538623896E-6	5.494645573188928E-6	0.9998301715008922	5.485856481534861E-6	4.738717589717431E-5	2.251941992124848E-5	1.6588988042295713E-5	1.6655753329764426E-5	5.4724241189648035E-6	3.375596351086308E-5	5.4846601273403565E-6	5.49167456680451E-6
13	13	1.0980771591500053E-5	1.0986186130323808E-5	0.999660438971617	1.0968612913718316E-5	9.474757337161746E-5	4.502611415174003E-5	3.31686016720828E-5	3.3302094518055425E-5	1.0941755779186341E-5	6.749285157687261E-5	1.0966220881387285E-5	1.0980245796466268E-5
14	14	8.886098580170077E-5	8.890480250925462E-5	0.9972521304654669	8.876259270748809E-5	7.667369002227606E-4	3.643701043231475E-4	2.684141654058923E-4	2.6949444521972465E-4	8.854525356784443E-5	5.461803185425766E-4	8.874323538371226E-5	8.885673084888233E-5
15	15	8.152097716035938E-7	8.156117456289226E-7	1.6743847319730664E-5	8.143071143672731E-7	7.034036452234372E-6	3.3427275968703636E-6	2.4624287982130245E-6	2.4723392741362554E-6	0.9999588595390242	5.010652635871951E-6	8.14129530477653E-7	8.151707367101138E-7
16	16	8.73543261213823E-7	8.73973999059762E-7	1.7941977025339393E-5	8.725760130607215E-7	7.53736689133994E-6	3.581921203637729E-6	0.9999576838669866	2.649251011929945E-6	8.70439472045327E-7	5.369196980722166E-6	8.723857219044065E-7	8.735014331232633E-7
17	17	1.783745388699788E-5	1.7846249406127232E-5	0.9994484081437147	1.781770301134662E-5	1.539104476255025E-4	7.31416028645988E-5	5.38799480429913E-5	5.409679732944072E-5	1.7774075576356367E-5	1.0963716143921686E-4	1.7813817331178754E-5	1.7836599771730023E-5
18	18	1.0270162156658E-5	1.0275226299123774E-5	0.8846353374888886	1.0258790315308921E-5	0.115135691909169	4.211229509413673E-5	3.1022129441757486E-5	3.1146983434345206E-5	1.0233671212848028E-5	6.31251205194262E-5	1.0256553080910687E-5	1.0269670387913594E-5
19	19	1.0270162156658E-5	1.0275226299123774E-5	2.1094205821612266E-4	1.0258790315308921E-5	8.861608078885775E-5	4.211229509413673E-5	0.34517224961458215	0.6543613907573465	1.0233671212848028E-5	6.31251205194262E-5	1.0256553080910687E-5	1.0269670387913594E-5
20	20	3.3444065875791837E-6	3.3460556902091744E-6	0.9998965801145442	3.3407034268558544E-6	2.885720788386712E-5	1.3713574818251963E-5	1.0102139818550757E-5	1.0142797649354843E-5	3.3325235665515235E-6	2.055625468094828E-5	3.3399748870971554E-6	3.3442464465216946E-6
21	21	9.475616344406412E-5	9.48028870209533E-5	0.997069832476108	9.4651242797136E-5	8.176034328297137E-4	3.8854299046853517E-4	2.862211835536039E-4	2.8737313083036786E-4	9.441948503693263E-5	5.82414780421678E-4	9.463060127803747E-5	9.475162621097952E-5
22	22	1.0980771591500053E-5	1.0986186130323808E-5	0.23086436090625864	1.0968612913718316E-5	9.474757337161746E-5	0.4843865552953275	3.31686016720828E-5	3.3302094518055425E-5	1.0941755779186341E-5	0.28452204173575946	1.0966220881387285E-5	1.0980245796466268E-5
23	23	1.9046452078136006E-7	1.905584374550405E-7	3.912010094672302E-6	1.9025362515187385E-7	1.643422869426669E-6	7.809904051912303E-7	5.753185711786634E-7	0.9999907758439794	1.897877807241332E-7	1.1706821806317547E-6	1.9021213468940252E-7	1.9045540072105238E-7
24	24	7.80464521189257E-7	7.808493625836281E-7	1.6030203803315167E-5	7.79600336322634E-7	6.734237104300036E-6	3.2002564054471926E-6	2.3574770321748356E-6	2.3669651113363095E-6	7.776914503697345E-7	0.9999646323974016	7.79430321278395E-7	7.804271500112967E-7
25	25	9.454387435505395E-6	9.459049325373315E-6	0.9997076397142423	9.443918876944263E-6	8.157716967017573E-5	3.87672509494107E-5	2.8557994152666308E-5	2.8672930801259415E-5	9.420795023291818E-6	5.811099544486977E-5	9.441859349503285E-6	9.45393472870609E-6
26	26	3.748115324279246E-6	3.749963492759039E-6	0.9998840961326437	3.743965149026354E-6	3.2340608192535856E-5	1.536896264881047E-5	1.132158548022988E-5	1.1367151183650844E-5	3.734797884534354E-6	2.3037633482004087E-5	3.74314866605324E-6	3.747935852335299E-6
27	27	0.4108139526707734	0.5891848280383039	5.063152868143598E-7	2.4623739830689737E-8	2.1270142493350183E-7	1.0108035803439936E-7	7.446110319926292E-8	7.476078494884651E-8	2.456344751309997E-8	1.515165527978216E-7	2.4618369891733077E-8	2.4649854808082024E-8
28	28	4.463729483949063E-8	4.465930516580348E-8	9.168192968148883E-7	4.458786930682388E-8	3.8515284036951813E-7	1.8303303334563048E-7	1.348317502020026E-7	1.3537440419266163E-7	4.4478693933977076E-8	2.743612587048891E-7	0.28176700779160163	0.7182307842726515
29	29	2.4880218830877272E-6	2.4892487086316404E-6	5.110225611822883E-5	2.4852669713642385E-6	0.6236349900138789	0.37626863993876614	7.5153377068185405E-6	7.545584499518667E-6	2.479181685109463E-6	1.5292522048745347E-5	2.4847249849714728E-6	2.4879027485133326E-6
30	30	3.139776571965999E-7	3.1413247730195555E-7	6.448884860108105E-6	3.136299991898098E-7	2.709155806073872E-6	0.9999851293588395	9.48403284660721E-7	9.52220299765874E-7	3.128620622457529E-7	1.9298504881048554E-6	3.135616028388815E-7	3.139626229258751E-7
31	31	1.1353131882812346E-6	1.1358730029794866E-6	2.3318551061114172E-5	1.1340560901690807E-6	0.9999513699358246	4.655295922291705E-6	3.429335598266317E-6	3.443137559932766E-6	1.1312793036036269E-6	6.978154847446727E-6	1.1338087755036598E-6	1.1352588257957557E-6
32	32	7.294452624685862E-7	7.298049466365454E-7	1.4982303363279538E-5	7.286375696910917E-7	0.9999687549036755	2.9910544429118557E-6	2.2033678736325716E-6	2.2122357134976276E-6	7.268534683294903E-7	4.483504681160541E-6	7.284786685941148E-7	7.294103342585575E-7
33	33	1.6453761509380738E-6	1.646187473983517E-6	3.3794893062481255E-5	1.6435542754639952E-6	0.9999295218723445	6.746784028550019E-6	4.9700356387937975E-6	4.990038417583425E-6	1.6395299600255744E-6	1.0113235433232335E-5	1.6431958495631417E-6	1.6452973649801231E-6
34	34	3.3154203145996337E-7	3.3170551243086673E-7	6.8096450118833375E-6	3.3117492495036757E-7	2.860709986522611E-6	0.9999842974731913	1.0014583663283746E-6	1.0054889109007975E-6	3.303640284785006E-7	2.0378091771022186E-6	3.3110270240646533E-7	3.315261561499107E-7
35	35	2.0030297474350693E-6	2.0040174268747382E-6	4.11408516386626E-5	2.0008118529015787E-6	0.999914202119584	8.21332502054366E-6	6.05036679584832E-6	6.074717556568988E-6	1.995912776461445E-6	1.2311538248582021E-5	2.000375516358563E-6	2.0029338358604634E-6
