0	0	2.9594558006833826E-5	7.589134563293258E-5	0.9992071386350055	3.726756275813453E-5	1.1025437250900521E-5	3.705156696476557E-5	6.854206887094975E-5	1.8332038784316897E-5	1.448153510825647E-4	7.2377847541023E-5	4.833059642710549E-5	7.325310192257576E-6	2.9596509442322104E-5	1.0350374461772151E-4	4.1082754387651526E-5	6.812467303495202E-5
1	1	6.220950180095585E-6	1.5952807275373718E-5	4.689995189146863E-5	0.9997942697861727	2.3176117661829584E-6	7.788457328170167E-6	1.4407946068611582E-5	3.853502388867618E-6	3.0441038659528465E-5	1.5214249308649456E-5	1.0159375668928777E-5	1.5398232928249138E-6	6.221360383314347E-6	2.175709596918115E-5	8.635836637521926E-6	1.4320207008595151E-5
2	2	1.9678380246504423E-5	5.0462613985952675E-5	0.1706213494976224	2.4780409649831346E-5	7.3311703643992565E-6	2.4636787050278475E-5	4.5575841808929404E-5	1.2189566399611482E-5	0.828947743716203	4.812637529531235E-5	3.213657909042988E-5	4.870836028487148E-6	1.9679677819171534E-5	6.88229924925483E-5	2.7317254146092446E-5	4.529830179727677E-5
3	3	1.2485638978465318E-5	3.201777647579406E-5	0.037391568841430765	1.5722800593876756E-5	4.651518331940601E-6	1.5631674195021625E-5	2.8917192362263682E-5	7.734098206411852E-6	0.9213078441151932	3.053546784604598E-5	2.0390180467077832E-5	3.0904728647976667E-6	1.2486462268983487E-5	0.0410708502728066	1.7332390617448397E-5	2.8741097361345634E-5
4	4	1.956337928682932E-5	5.0167709173493336E-5	1.474889720741585E-4	2.463559229925804E-5	7.28832681646053E-6	2.4492809033866452E-5	4.530949541860804E-5	1.2118330260436474E-5	0.999424122472079	4.784512352177635E-5	3.194877209667434E-5	4.8423707376105986E-6	1.956466927644843E-5	6.84207891564398E-5	2.715761141111443E-5	4.503357735791318E-5
5	5	1.0691237899096573E-5	2.7416271277201975E-5	0.05118005063701548	1.3463163709852432E-5	3.983015139598285E-6	1.3385133741924599E-5	2.4761294432117253E-5	6.6225752644570505E-6	0.948585838277335	2.6146995893871255E-5	1.7459760814406982E-5	2.6463187567125722E-6	1.0691942868606343E-5	3.739144057836141E-5	1.4841427961421564E-5	2.4610507311738103E-5
6	6	7.6061636485632595E-6	1.9505004746496572E-5	0.624894144248796	9.578219788111615E-6	2.833672326106373E-6	9.522706225402343E-6	1.7616150662670875E-5	4.711558353840764E-6	0.2726932779910108	1.8601992731253498E-5	0.10225844355731359	1.8826943820527241E-6	7.606665191369543E-6	2.6601729264539004E-5	1.0558770735283527E-5	1.7508874823846233E-5
7	7	1.527776424459271E-5	3.917781392501655E-5	1.1517957664621392E-4	1.923884241345546E-5	5.6917231530848436E-6	0.24190133012199164	3.53838556671534E-5	9.463650938961498E-6	0.7576680732198482	3.7364021149005985E-5	2.494997417577139E-5	3.781585861494557E-6	1.5278771645051996E-5	5.3432317128606334E-5	2.120838013218891E-5	3.516838107964391E-5
8	8	5.861141016913056E-5	1.503012407264854E-4	0.22805314450813546	7.380763741483988E-5	2.1835650488759476E-5	7.337986221248574E-5	1.3574615006949474E-4	3.630622373802294E-5	0.33294943083365497	1.433428304084189E-4	9.571774683216007E-5	1.4507625361236306E-5	5.861527494676285E-5	0.4379189699540488	8.136354554564619E-5	1.3491950624731292E-4
9	9	2.5338440729905852E-5	6.497709351796433E-5	1.9102735383409782E-4	3.190795854687152E-5	9.439822964706175E-6	3.1723026012757494E-5	5.8684747012969205E-5	1.5695631544403797E-5	0.999254124842392	6.196888629500359E-5	4.137997103137775E-5	6.271826667991907E-6	2.534011152128738E-5	8.86184378125818E-5	3.5174471496834366E-5	5.832737861946604E-5
10	10	1.6320539179359342E-5	4.185187288455429E-5	1.230410918261077E-4	2.055197844052677E-5	6.080208414713909E-6	2.0432863033990176E-5	3.779896020695326E-5	1.010958694324449E-5	0.9995195803537238	3.9914280734930925E-5	2.665292018783448E-5	4.039695810496426E-6	1.632161533935251E-5	5.707930893422559E-5	2.265594581357954E-5	3.7568778526485876E-5
11	11	1.770133253023226E-5	4.539273554635023E-5	0.08473809149046166	2.229077118910537E-5	6.5946222621176995E-6	2.2161578066414625E-5	4.0996927648475E-5	1.096490491269969E-5	0.9148742940709482	4.3291214109372975E-5	2.89078809199684E-5	4.381472822480023E-6	1.7702499738354828E-5	6.190848334952171E-5	2.4572743965486907E-5	4.074727152967018E-5
12	12	1.770133253023226E-5	0.11637677349356813	1.3345093917309364E-4	2.229077118910537E-5	6.5946222621176995E-6	2.2161578066414625E-5	4.0996927648475E-5	1.096490491269969E-5	0.883147553864215	4.3291214109372975E-5	2.89078809199684E-5	4.381472822480023E-6	1.7702499738354828E-5	6.190848334952171E-5	2.4572743965486907E-5	4.074727152967018E-5
13	13	3.310674680155821E-5	8.48978911500845E-5	0.24749302145668495	4.169035955393676E-5	1.2333901366519611E-5	4.1448730061122017E-5	7.66764254036673E-5	2.0507627322853713E-5	0.7517820244725907	8.096742218718434E-5	5.4066319162833776E-5	8.194654899794227E-6	3.310892982725487E-5	1.1578724254914636E-4	4.595832609186164E-5	7.620949434643674E-5
14	14	1.9678380246504423E-5	5.0462613985952675E-5	0.6056214019521045	2.4780409649831346E-5	7.3311703643992565E-6	2.4636787050278475E-5	4.5575841808929404E-5	1.2189566399611482E-5	0.3939476912617207	4.812637529531235E-5	3.213657909042988E-5	4.870836028487148E-6	1.9679677819171534E-5	6.88229924925483E-5	2.7317254146092446E-5	4.529830179727677E-5
15	15	4.23129548224961E-5	1.0850599892193698E-4	3.1899878444782226E-4	5.328346850003147E-5	1.576366939448439E-5	5.2974647525426634E-5	9.799833681946557E-5	2.6210316393504855E-5	0.9987544544597864	1.0348255893687058E-4	6.910089154540448E-5	1.047339578966483E-5	4.2315744896321E-5	1.4798495280644232E-4	5.8738256201933996E-5	9.740156321170997E-5
16	16	1.5932167448717546E-5	4.0855944740015325E-5	1.2011314433323343E-4	2.0062913260305588E-5	5.935520727699763E-6	1.9946632383687047E-5	3.689947720392841E-5	9.869014145123508E-6	0.9995310126604269	3.8964460504362035E-5	2.60186739398246E-5	3.94356518417661E-6	1.5933217999868115E-5	5.572102108901403E-5	2.2116813571179443E-5	3.667477304210319E-5
17	17	1.5707891729804287E-5	4.028081920182718E-5	1.1842232217215726E-4	1.978048939616828E-5	5.851966924828041E-6	1.9665845395215494E-5	3.6380046511019104E-5	9.730088901619314E-6	0.9995376145539283	3.8415961223281076E-5	2.565241135679522E-5	3.888051964170019E-6	1.570892749243877E-5	5.493664117940383E-5	2.180547713313905E-5	3.6158505489902664E-5
18	18	0.1118693383305658	6.400811717228236E-5	1.8817864243102027E-4	3.1432128444338986E-5	9.299050814629982E-6	3.1249953732118825E-5	5.78096058112136E-5	1.5461569125270474E-5	0.8874208700166555	6.104477009132154E-5	4.076288874986073E-5	6.17829752785237E-6	2.4962224987253934E-5	8.729690794132125E-5	3.464992924652774E-5	5.7457566703790356E-5
19	19	3.67402621543951E-5	9.421556264364205E-5	2.769860676644416E-4	4.626593934172157E-5	1.3687565628497642E-5	4.5997790647938423E-5	8.509177864193123E-5	2.2758370326220598E-5	0.8891669880750042	8.985371878890641E-5	6.000017916807867E-5	9.09403062426743E-6	3.674268477045174E-5	1.2849506690853555E-4	5.1002321638944615E-5	0.10983608058604774
20	20	4.178480159263526E-5	0.13740991274413733	3.150170195478152E-4	5.261838055936328E-5	1.5566906182364562E-5	5.2313414309531756E-5	9.677511479847182E-5	2.588315741070689E-5	0.8614672403208008	1.0219088247593679E-4	6.823836943582669E-5	1.0342666138731034E-5	4.1787556840565626E-5	1.4613779438596794E-4	5.800508122373674E-5	9.618579016018086E-5
21	21	1.327801660553502E-5	3.404972452360284E-5	1.00103412177486E-4	1.672061860278714E-5	4.9467182063316E-6	1.6623709038183523E-5	3.075236766286692E-5	8.224928222792313E-6	0.9996091415871267	3.247334396076022E-5	2.168420497330395E-5	3.286603920593473E-6	1.327889214463961E-5	4.643841747701757E-5	1.8432358234050672E-5	3.056509712345966E-5
22	22	9.069224573056102E-6	2.325683176405449E-5	6.837318799468684E-5	1.142060968999563E-5	3.3787349154349744E-6	1.1354417981491446E-5	2.100465278612977E-5	5.617836109549364E-6	0.9997330337182181	2.2180123565703494E-5	1.481086599252294E-5	2.2448344450875027E-6	9.06982258863312E-6	3.171862556195648E-5	1.2589771590279582E-5	2.087674222326048E-5
23	23	3.519517285080772E-5	9.025338465317435E-5	2.6533758762386405E-4	4.432025349721366E-5	1.3111943409040725E-5	4.406338163310566E-5	8.151329581972457E-5	2.1801280950800415E-5	0.9989639770901071	8.607497547986666E-5	5.747690824920652E-5	8.71158671613732E-6	3.519749358522455E-5	1.2309128528580773E-4	4.8857450127377866E-5	8.101691001150417E-5
24	24	1.500386478315666E-5	0.07175039795203014	1.1311463942720979E-4	1.8893928819336907E-5	5.5896820506490084E-6	1.8784423156954984E-5	3.474949458816278E-5	9.293986788245353E-6	0.9278464161300352	3.6694159701613904E-5	2.4502671522046662E-5	3.713789663421653E-6	1.5004854122960026E-5	5.247438358214614E-5	2.0828156704000227E-5	3.453788302488426E-5
25	25	3.556913238981727E-5	0.13822021168450704	0.11714654092947789	4.4791169825338015E-5	1.3251261841530013E-5	4.453156861864961E-5	8.237939966462139E-5	2.2032926267865304E-5	0.7439455856497333	8.69895485745111E-5	5.808761808159406E-5	8.804150005035434E-6	3.5571477782751224E-5	1.2439916805986596E-4	4.937657556552433E-5	8.187773960448013E-5
26	26	2.3228587811785922E-5	5.956665363213407E-5	1.7512110197654332E-4	2.9251082373275313E-5	8.65379835328981E-6	2.9081548594393106E-5	5.379825119208359E-5	1.4388705267104864E-5	0.9993162315400616	5.680893044074131E-5	3.793438992546433E-5	5.749591225864357E-6	2.3230119481581028E-5	8.123945693482675E-5	3.2245602979549016E-5	5.347063974992221E-5
27	27	3.786369891136816E-6	9.709646822096123E-6	2.8545569502518263E-5	4.768065044623007E-6	1.4106101410194448E-6	4.740430235262598E-6	8.769369888520107E-6	2.3454271450873373E-6	0.9060093442955928	0.09388845833000431	6.183485324903989E-6	9.372106165193273E-7	3.786619560571839E-6	1.3242416465552844E-5	5.256186094161393E-6	8.7159676709319E-6
28	28	6.255826521181338E-6	1.6042243057963875E-5	0.556936884588249	7.877779672475344E-6	2.3306049289831328E-6	7.832121541263886E-6	1.448872093850876E-5	3.87510617282315E-6	0.44292612862384767	1.529954453411998E-5	1.0216331895998647E-5	1.5484559616002047E-6	6.256239024111071E-6	2.1879072175080455E-5	8.684251489821296E-6	1.4400489989424729E-5
29	29	1.3329072329860197E-4	3.4180650203263503E-4	0.001004883229942124	1.6784911585639297E-4	4.9657389899742046E-5	1.6687629390983928E-4	0.23921050310589428	8.256554156123515E-5	6.522328492312263E-4	3.259820824933824E-4	2.1767583600113777E-4	3.299241345950052E-5	0.7566556565529484	4.661697931431906E-4	1.8503233081448308E-4	3.06826239513789E-4
30	30	4.456619312387153E-5	0.2663729643430118	3.35986023515038E-4	5.612090570001097E-5	1.660311215613685E-5	5.579563947238216E-5	1.0321691838435578E-4	2.7606061243675773E-5	2.1807620516435967E-4	1.0899318485035393E-4	7.278063398226486E-5	1.1031122297722129E-5	0.7322559397127838	1.558654084515166E-4	6.186617031678175E-5	1.02588365545963E-4
31	31	5.34660012613708E-6	0.3370125467772265	4.03081975324381E-5	6.732817421954831E-6	1.991873106628897E-6	6.6937952768765076E-6	1.2382919656596786E-5	3.311895411782992E-6	2.616257266575279E-5	1.30758975587E-5	8.731482757531743E-6	1.3234022413469967E-6	0.6628229630288758	1.8699151847477607E-5	7.42207603642383E-6	1.2307512258085232E-5
32	32	2.3891717405055902E-5	0.8993230887269157	0.10009810063206967	3.008614210717161E-5	8.900846939659138E-6	2.991176847893022E-5	5.5334083362369093E-5	1.4799473943563774E-5	1.1690958328148212E-4	5.843071146516317E-5	3.901734067417298E-5	5.9137305236111416E-6	2.3893292800951643E-5	8.355868049121236E-5	3.316615027075042E-5	5.499711927061268E-5
33	33	6.8302064896498365E-6	0.3223908870064357	5.149315562730519E-5	8.601079595284537E-6	2.5445898886186613E-6	8.551229353585875E-6	1.5819005761406633E-5	4.23089982436097E-6	0.04696119163745838	0.04490413579753771	1.1154346460887716E-5	1.6906277567079167E-6	0.5855837782425749	2.388790358104943E-5	9.481597784512686E-6	1.5722673870012064E-5
34	34	2.5531694406454772E-5	6.547266711492167E-5	1.9248429977814242E-4	3.2151317258880806E-5	9.511819521769266E-6	3.1964974263384724E-5	5.9132329531502565E-5	1.581534050889952E-5	0.12978218280252232	6.244151660544005E-5	4.1695571806600793E-5	6.319661243733439E-6	0.869491786704839	8.92943215064466E-5	3.5442743566528286E-5	5.877223552608575E-5
35	35	1.0725492070060459E-5	0.9996592999428049	8.08598441613681E-5	1.3506298987150026E-5	3.995776513241938E-6	1.3428019015257551E-5	2.4840628333464312E-5	6.643793651651399E-6	5.2483159211244454E-5	2.6230769510733377E-5	1.751570098125855E-5	2.654797424568708E-6	1.0726199298255925E-5	3.751124081199623E-5	1.488897912579905E-5	2.4689358098982813E-5
36	36	2.4414455201654762E-5	0.9992244639006533	1.8406139597093365E-4	3.0744410550859757E-5	9.095592634923242E-6	3.0566221722368566E-5	5.654476304366908E-5	1.512327839298538E-5	1.1946750144742025E-4	5.970914368697321E-5	3.987101889024162E-5	6.043119734574174E-6	2.4416065066356797E-5	8.538689902344065E-5	3.3891807619708094E-5	5.6200426360655566E-5
37	37	2.786986050404368E-5	0.8326074959346013	2.1011181234721073E-4	3.5095701552801185E-5	1.0382902089895358E-5	3.4892293459013706E-5	6.454760695026489E-5	1.7263692992328293E-5	1.3637587128630945E-4	6.815984594483416E-5	4.551400903468898E-5	6.89840926699853E-6	0.16653507716792004	9.74718028725401E-5	3.868855326852138E-5	6.415453590924647E-5
38	38	8.5583351532795E-5	2.1946723144506214E-4	6.452157553746976E-4	1.0777261561275649E-4	3.1884033268167153E-5	1.0714798577678353E-4	1.9821414374943453E-4	5.301371012970487E-5	4.187858827350066E-4	2.093066829333977E-4	1.397653725004267E-4	2.1183779704565276E-5	8.558899481320312E-5	2.993184543771057E-4	1.1880561993465014E-4	0.9972589463861121
39	39	1.1618926564465681E-5	0.9996309195961173	8.759547675650644E-5	1.4631374958307973E-5	4.32862507119574E-6	1.454657425742209E-5	2.6909855001186942E-5	7.197222285351589E-6	5.6855011291167034E-5	2.841579506877753E-5	1.8974760514203183E-5	2.875942298787468E-6	1.1619692704836095E-5	4.063593068640583E-5	1.6129232482062377E-5	2.6745983941999247E-5
40	40	2.1581328717627102E-5	0.9283992962928633	1.6270236046081463E-4	2.7176737094785397E-5	8.04011283129521E-6	2.7019225831490176E-5	4.998313943221002E-5	1.3368327885730722E-5	0.0710207672737562	5.278031587079031E-5	3.524426647532578E-5	5.341858026100258E-6	2.1582751768808813E-5	7.547834759297872E-5	2.995890078374243E-5	4.967876060891568E-5
41	41	1.664230225927252E-4	0.7958561525302875	0.0012546687446887226	2.0957165291810243E-4	6.200081083412662E-5	2.083570149839432E-4	3.854417516094735E-4	1.0308899710779912E-4	0.19967170511843924	4.070119970621302E-4	2.7178388470105677E-4	4.1193393168544505E-5	1.664339963600063E-4	5.820464027531387E-4	2.310261285216261E-4	3.830945539717077E-4
42	42	1.5730288277165307E-6	4.033825219732476E-6	1.1859117049329116E-5	1.980869271429689E-6	5.860310746942523E-7	0.9999479675983795	3.64319177263735E-6	9.743962208149594E-7	7.697317929065284E-6	3.847073527633389E-6	2.5688986949227317E-6	3.893595606910592E-7	1.5731325516605674E-6	5.50149706654478E-6	2.1836567709121016E-6	3.621006082875006E-6
43	43	1.804516842216498E-6	4.6274457399051936E-6	1.3604312948540328E-5	0.9999403236442896	6.722718145497211E-7	2.2592051080131987E-6	4.179326403504022E-6	1.1177890452301101E-6	8.830060580044482E-6	4.413211539128066E-6	2.9469396105507468E-6	4.4665798398937344E-7	1.8046358302481584E-6	6.3111011947542755E-6	2.505005217514725E-6	4.153875852231892E-6
44	44	3.634140970627336E-5	9.319275807970978E-5	2.7397910569124405E-4	4.5763676100007335E-5	0.5862377773324512	4.549843842962752E-5	8.416802191739444E-5	2.2511305357502395E-5	1.7782978898465195E-4	8.887826642111459E-5	5.934881695818578E-5	8.99530578766881E-6	0.41256451154020074	1.271001238949919E-4	5.0448640210105065E-5	8.365546980959868E-5
45	45	1.8083826439151332E-5	0.9994255591573908	1.363345735710159E-4	2.2772434600059308E-5	6.737120169694663E-6	2.264044984671482E-5	4.188279740337372E-5	1.120183675575848E-5	8.848977146734689E-5	4.422665926177978E-5	2.953252815219011E-5	4.4761485574186664E-6	1.8085018868538826E-5	6.324621415318674E-5	2.510371669740831E-5	4.162774666557035E-5
46	46	2.0522868660093615E-5	5.2628193281440215E-5	1.5472259461472344E-4	2.5843849250608127E-5	0.864428866465945	2.5694063154886738E-5	4.75317075796425E-5	1.2712675896541577E-5	1.0042476152360634E-4	5.019169600849228E-5	3.351570523568675E-5	5.079865660958086E-6	2.0524221917480173E-5	7.177649877814907E-5	2.8489561232776793E-5	0.13492147527126006
47	47	6.074207007100934E-6	1.557650373813425E-5	4.5793650192433836E-5	0.9997991226629012	2.2629426731193974E-6	7.604738939823973E-6	1.4068083561882526E-5	3.7626038683338604E-6	2.9722978801655857E-5	1.4855367280398175E-5	9.919730762902485E-6	1.5035010993819942E-6	6.07460753422197E-6	2.1243877697817708E-5	8.432129802879835E-6	1.3982414138768762E-5
48	48	1.4482359571838817E-4	3.713810341729158E-4	0.0010918299416179452	1.8237212534302538E-4	5.395395554392676E-5	1.8131513076150417E-4	3.354166961904336E-4	8.970945850857658E-5	7.086667709027751E-4	3.5418741948529167E-4	2.3651006229494736E-4	3.584705544682664E-5	1.4483314524111324E-4	5.065047588274449E-4	2.010421041281034E-4	0.9953616067458168
49	49	2.0649463228964584E-5	0.7464370518102531	1.556769953120263E-4	2.600326609471671E-5	7.692946826344035E-6	2.585255604891189E-5	0.2529548336511138	1.2791093575423303E-5	1.0104422801241019E-4	5.050130165974576E-5	3.372244564439816E-5	5.111200627522575E-6	2.065082483387011E-5	7.221924950020364E-5	2.8665298055017415E-5	4.7533669213631776E-5
50	50	4.1980660596974326E-7	1.076538741524075E-6	3.1649360714538255E-6	5.286502008458501E-7	0.9999857445152144	5.255862435839431E-7	9.722873135058604E-7	2.600448021819645E-7	2.0542439260707976E-6	1.0266988449895455E-6	6.85582249475441E-7	1.0391145590946509E-7	4.1983428759651105E-7	1.468227899301322E-6	5.827696997328366E-7	9.663664435534976E-7
51	51	1.558383160377274E-6	3.9962683350575374E-6	1.1748702872435801E-5	1.962426410192347E-6	5.805748389157268E-7	1.951052555343061E-6	3.6092718763105815E-6	9.65324115679162E-7	7.6256521364191124E-6	3.8112553925028545E-6	2.5449809923026824E-6	3.857344328480316E-7	0.9999480594788371	5.450275439525094E-6	2.163325858924736E-6	3.5872927461650906E-6
52	52	1.8381723386403458E-5	0.9994160963274988	1.3858042863981913E-4	2.3147567527356673E-5	6.848101523036878E-6	2.3013408574030926E-5	4.257273752919976E-5	1.1386365897551863E-5	8.994747362301953E-5	4.4955210092853913E-5	3.0019020875993745E-5	4.549884666045277E-6	1.838293545881703E-5	6.42880762936405E-5	2.5517253102106913E-5	4.231348531133675E-5
53	53	7.3879405827866785E-6	0.9997653187599537	5.5697931646898366E-5	9.303417853336198E-6	2.752373436024512E-6	9.249496991021808E-6	1.7110738133778428E-5	4.5763823628857696E-6	3.615148464208615E-5	1.8068296104290366E-5	1.2065176802155524E-5	1.8286793280840264E-6	7.388427736182759E-6	2.5838517850311436E-5	1.0255836506262456E-5	1.7006540070231005E-5
54	54	1.1866037064288807E-5	3.0428888984629702E-5	8.945845109612787E-5	0.8578213934540591	4.420685959863495E-6	1.485594975915383E-5	0.14181367240328974	7.350292294564885E-6	5.806419960814784E-5	2.902014016755732E-5	1.9378314364782537E-5	2.9371076340680364E-6	1.1866819498877867E-5	4.1500172756185834E-5	1.647226784581064E-5	2.731481561706825E-5
55	55	1.616294030603293E-5	4.144773133379304E-5	1.2185294863846289E-4	2.0353518781120906E-5	6.021495036116677E-6	2.023555360949136E-5	3.743395550483781E-5	1.001196397291605E-5	7.909027985497217E-5	0.2655925825107062	2.639554693893019E-5	4.000686590193164E-6	1.6164006074114373E-5	5.652812403283085E-5	0.733914512742052	3.720599656793932E-5
56	56	9.168582052317637E-6	2.3511620931647834E-5	6.912224736062312E-5	1.1545727662462536E-5	3.415750492851361E-6	1.1478810793692223E-5	2.1234768308882824E-5	5.679382058737516E-6	4.4864715618631054E-5	0.32320833770139573	1.497312576444097E-5	2.2694276272307697E-6	9.169186619427238E-6	3.206611752845153E-5	0.1095672750150394	0.5669658878207454
57	57	8.387524335395814E-6	2.1508701302285715E-5	6.323382705703357E-5	1.0562164485868114E-5	3.1247678451204954E-6	1.0500948164515827E-5	1.9425810330423396E-5	5.195564042057066E-6	4.104275796460352E-5	0.999732570758553	1.3697587697810332E-5	2.076098500531608E-6	8.388077400342522E-6	2.9334453198634223E-5	1.164344478846236E-5	1.9307514333871747E-5
58	58	6.761230518759617E-6	1.7338285034857807E-5	5.0973143471160755E-5	8.51422016919137E-6	2.518892926403701E-6	8.464873348410581E-6	1.5659254913088292E-5	4.188173382112586E-6	3.308479792461267E-5	0.07070719434606251	1.1041702446691148E-5	1.6735546724447116E-6	6.761676347522314E-6	2.3646667632395217E-5	0.9290866152853046	1.55638958452455E-5
59	59	2.8805981728711905E-6	7.386914564376353E-6	2.171692616323693E-5	3.6274531676957423E-6	1.0731653567090336E-6	3.606429130520299E-6	6.671569763227308E-6	1.784356347370117E-6	1.409566027767026E-5	7.044926818466985E-6	4.704277986836186E-6	7.130120054727386E-7	2.8807881166270904E-6	1.0074578493866575E-5	0.9999051084012629	6.630942372128529E-6
60	60	4.900472838665922E-6	1.2566617074602556E-5	3.694482896105577E-5	6.1710223554392744E-6	1.825668616844258E-6	6.135256269038313E-6	1.134967269085406E-5	3.0355465393053274E-6	2.3979533481733566E-5	1.1984827613035614E-5	8.002916448789814E-6	1.212975832369979E-6	4.900795970932486E-6	1.7138870230203617E-5	0.7026704169429928	0.29717943405208425
61	61	2.2300665138478855E-6	5.718711816806936E-6	1.6812546184485597E-5	2.8082576445456366E-6	8.308101242156322E-7	2.7919815107438446E-6	5.164914865214898E-6	1.3813913292445734E-6	1.0912407107610096E-5	5.453955896497982E-6	3.6419008069489026E-6	5.519909761629157E-7	2.2302135621983066E-6	7.799414840949618E-6	0.5968927721200494	0.40303889931677117
62	62	1.3552349695100848E-6	3.4753215594967475E-6	1.0217161853349278E-5	1.7066078252147898E-6	5.048920856702498E-7	1.696716646830808E-6	3.1387733040321094E-6	8.394860979908704E-7	6.6315850320742315E-6	3.3144265909568123E-6	2.2132215781079666E-6	3.354507451256307E-7	1.355324332345436E-6	4.739786759065182E-6	1.8813183618786473E-6	0.9999565946922584
63	63	2.090784412158348E-6	5.361541214111632E-6	1.5762493752064156E-5	2.632863760825491E-6	7.789206494008051E-7	2.617604177027574E-6	0.13053888278530548	1.2951144911331824E-6	1.0230856585685414E-5	0.6945211563045237	3.4144405068247484E-6	5.175155635255711E-7	2.090922276386605E-6	7.312290854175951E-6	2.9023978821510803E-6	0.17488295316404534
64	64	2.313282843052804E-6	5.93210913129077E-6	1.7439916879204024E-5	2.913049538056253E-6	8.618123245420316E-7	2.89616605012389E-6	5.357646899470455E-6	1.4329388122014327E-6	1.1319610415962591E-5	0.6495739714337356	3.7778006173809205E-6	5.725888652865272E-7	2.313435378604554E-6	8.090454892436828E-6	3.2112671136484402E-6	0.3503575964865031
65	65	6.666971990370646E-6	1.709657145511226E-5	5.026252526673471E-5	8.395523156672573E-6	2.483776960492845E-6	8.346864281480175E-6	0.9997865650273452	4.129785924601639E-6	3.262356171091342E-5	1.6305061294305908E-5	1.088776972384635E-5	1.6502235938539958E-6	6.667411603820469E-6	2.331700869144528E-5	9.254997919769656E-6	1.5346919081281948E-5
66	66	1.789053531897375E-5	4.587792117513304E-5	1.3487734533819995E-4	2.2529028736381775E-5	6.665109663027116E-6	2.2398454717701557E-5	0.5344723555640896	1.108210459719942E-5	8.754393806705772E-5	4.3753937377438196E-5	2.9216866228126615E-5	4.428304713547682E-6	1.789171500293854E-5	6.257019950430725E-5	0.1550098023190674	0.310011116656403
67	67	1.3437918908834775E-5	3.4459772917108886E-5	1.0130892100089507E-4	1.692197890429993E-5	5.006289726571868E-6	1.682390229321247E-5	0.21679854700727644	8.323978028676077E-6	6.575590499282261E-5	3.286440857902604E-5	2.194533993219607E-5	3.3261832909580067E-6	1.343880499173695E-5	4.699765837396563E-5	0.06424603931019333	0.71857480262059
68	68	1.9007964133390027E-5	4.874342017516816E-5	1.4330167861866016E-4	0.3236762385896091	7.0814071888374326E-6	2.37974446447058E-5	4.4023133794615735E-5	1.1774284164803106E-5	9.301186382665514E-5	4.6486774014129694E-5	3.1041728794180186E-5	4.704893155296862E-6	1.9009217499490688E-5	6.647828512630296E-5	2.6386591809245152E-5	0.6757389127234456
69	69	8.537257658590949E-6	2.1892672685833512E-5	6.436267159863921E-5	0.3800013902852531	3.180550917091888E-6	1.0688410138096928E-5	1.977259813338187E-5	5.288314779793511E-6	0.15560841312421178	0.3851120641836729	1.3942115790217129E-5	2.1131608225392097E-6	8.537820596802889E-6	2.985812919478099E-5	1.1851302508082707E-5	0.07907810740203836
70	70	5.578241763729939E-6	1.4304666203074656E-5	4.2054551601295016E-5	7.024516972405814E-6	2.078171078688022E-6	6.983804191526218E-6	0.796527024399651	0.00333615038335276	2.7296067042171725E-5	1.364241127807967E-5	9.109774553598748E-6	1.3807386897716828E-6	5.5786095874000016E-6	1.950929325572928E-5	7.743637740470342E-6	0.19997454073303825
71	71	1.2167955472936102E-5	3.120311897307237E-5	9.173462409716118E-5	1.532275103149436E-5	4.533165506564744E-6	1.523394324475708E-5	0.8105985364118913	7.537312488471596E-6	5.9541580021683696E-5	2.975852607438033E-5	1.987137449965182E-5	3.011839143678131E-6	1.2168757815722373E-5	4.255609952004568E-5	0.1890288127288238	2.8009811395264378E-5
72	72	3.7108200289438733E-6	9.51590915239073E-6	2.797599655953069E-5	4.672927309165233E-6	1.3824640790059448E-6	4.645843900248767E-6	0.9998812026250375	2.2986285747707606E-6	1.815819331282562E-5	9.07535656538796E-6	6.060105550185698E-6	9.185103481991238E-7	3.711064716696717E-6	1.2978189047778376E-5	5.15130882477366E-6	8.542056992538209E-6
73	73	4.822812498114812E-6	1.2367467361152719E-5	3.635934505099716E-5	6.073226956209514E-6	1.796736297211976E-6	6.038027673572501E-6	1.1169808527673572E-5	2.9874406552891696E-6	0.0014642831394449608	0.9984055450102827	7.876090071565305E-6	1.1937531737973498E-6	4.823130509536369E-6	1.6867261644142922E-5	6.694961326065241E-6	1.1101788527035409E-5
74	74	6.362841996954104E-6	1.6316670148852285E-5	4.796967905400884E-5	8.012541136340836E-6	2.370473489031755E-6	7.966101952998545E-6	1.4736572658712878E-5	3.941395787688675E-6	3.1135359327178397E-5	0.9997971260719314	1.0391097870534706E-5	1.5749446679098753E-6	6.363261556377033E-6	2.2253347150634087E-5	8.8328088869561E-6	1.4646832384368287E-5
75	75	5.495820246773082E-6	1.4093307079903459E-5	4.1433173022751394E-5	6.920725962751232E-6	2.0474649852528027E-6	6.880614735067385E-6	1.2728518863829498E-5	3.404328251572928E-6	2.689275299666009E-5	0.9998247703397388	8.97517274362977E-6	1.3603375343266181E-6	5.496182635650938E-6	1.9221032973547064E-5	7.629221335379435E-6	1.2651006894032027E-5
76	76	6.900604308596258E-6	1.7695690759728635E-5	5.2023887143595964E-5	8.689729513117935E-6	2.5708165595902228E-6	8.639365473147603E-6	1.5982049661351888E-5	4.27450701548574E-6	3.376679710507822E-5	0.9997799799676305	1.1269312481872463E-5	1.7080527799342086E-6	6.901059327526943E-6	2.413411228848113E-5	9.579323059022085E-6	1.58847248929397E-5
77	77	5.711484207760675E-6	1.4646348899284487E-5	4.305907085221871E-5	7.192305291589902E-6	2.1278104821715368E-6	7.150620041129846E-6	1.3228004413286937E-5	3.537919031887708E-6	2.7948063645971462E-5	0.9998178940736098	9.327371545178202E-6	1.4137191530404456E-6	5.71186081730393E-6	1.9975294197389355E-5	7.928603050675722E-6	1.3147450761323771E-5
78	78	3.794954645337518E-6	9.731661293407666E-6	2.8610290252139633E-5	4.778875574919285E-6	1.4138083867486897E-6	4.751178109755939E-6	8.789252490366324E-6	2.350744881102342E-6	1.8569890085199418E-5	0.08163129907162038	6.197505006853765E-6	9.393355337906008E-7	3.795204880842627E-6	1.3272440708732626E-5	0.9182529700573354	8.735729195090268E-6
79	79	2.5281688661348554E-6	6.483156031387758E-6	1.9059949808730295E-5	3.1836492324057023E-6	9.418680010971479E-7	3.165197399474614E-6	0.9999190637588415	1.566047707033994E-6	1.2371114373824626E-5	6.183009075817788E-6	4.1287289757975626E-6	6.25777927096241E-7	2.5283355710555573E-6	8.84199536314994E-6	3.509568906348996E-6	5.81967391919865E-6
80	80	1.348682968436373E-6	3.458519815812737E-6	1.0167766097676275E-5	1.6983570815763974E-6	5.024511410651855E-7	1.6885137229527158E-6	3.1235986320963705E-6	8.354275295956123E-7	6.599524058716771E-6	3.298402707961424E-6	0.9999559024834797	3.3382897938633974E-7	1.3487718992393414E-6	4.716871848637666E-6	1.8722229649885577E-6	3.1045770722887727E-6
81	81	2.592718230216685E-5	6.648684372739872E-5	1.9546589627796677E-4	3.264934361798808E-5	9.659158332393075E-6	3.2460114155264395E-5	0.7203485985892766	1.6060321340890575E-5	1.2686974432268746E-4	0.2788847830483796	4.234143939736028E-5	6.417553278907785E-6	2.5928891914577476E-5	9.067749736424217E-5	3.5991754370442864E-5	5.968262194167084E-5
82	82	9.118632668609762E-6	2.3383532316766305E-5	6.874567728288752E-5	0.05993822151563358	3.3971418758324763E-6	1.1416275548703135E-5	0.5584293659470517	5.6484414365064266E-6	4.4620297792342065E-5	0.38137427442597266	1.4891553892165988E-5	2.2570640457409635E-6	9.119233942107072E-6	3.189142499700981E-5	1.2658359222300438E-5	2.0990476321066415E-5
83	83	2.6335115248056877E-5	6.753293403171925E-5	1.9854131642815567E-4	3.3163041665397905E-5	9.811133540012222E-6	3.2970834905284995E-5	0.9991569134217234	1.6313011128780963E-5	1.2886588674737134E-4	6.440640052671132E-5	4.3007630883395604E-5	6.51852574031761E-6	2.6336851759157027E-5	9.210419843012079E-5	3.655804122016575E-5	6.062165602194079E-5
84	84	6.00878919005385E-6	0.4218314303868819	4.5300463077357794E-5	0.25848206505850513	2.238571299275025E-6	7.522837644712583E-6	1.3916573526814828E-5	3.722081487191504E-6	2.9402869133501972E-5	1.4695378380154858E-5	9.812897536533138E-6	1.4873087371963657E-6	6.0091854035896074E-6	2.1015086004847444E-5	8.341317697840082E-6	0.31951703119549385
85	85	6.987021207651313E-6	1.791729551399457E-5	5.2675387041675795E-5	0.9997689353996652	2.603011130555902E-6	8.747557037336072E-6	1.618219433137121E-5	4.32803705789191E-6	3.418966179436449E-5	1.708778876226184E-5	1.1410439113050645E-5	1.729442881157721E-6	6.987481924825694E-6	2.4436345984567566E-5	9.699285798050034E-6	1.6083650755980486E-5
86	86	2.93618306048159E-6	7.529454686672973E-6	2.213598249375722E-5	3.69744959362466E-6	1.0938734777867429E-6	3.6760198703127334E-6	6.800306377367523E-6	1.8187878234293447E-6	1.4367654372406396E-5	7.180867842493137E-6	4.79505314792911E-6	7.267704993030545E-7	2.936376669449258E-6	0.999909470356513	4.075968544051027E-6	6.75889502792655E-6
87	87	7.37167170408523E-6	1.8903681043591085E-5	5.557528002514654E-5	9.282930929427055E-6	2.746312473694076E-6	9.229128805475357E-6	1.7073058821110526E-5	0.8742326102502582	3.60718759728056E-5	0.12553691642981032	1.2038608248211935E-5	1.8246524193888264E-6	7.3721577847277585E-6	2.5781619218274335E-5	1.0233252274806802E-5	1.6969090210634335E-5
88	88	1.9337363192328972E-5	4.9588120671364984E-5	1.457850291632058E-4	0.8665007832432223	7.204124637565621E-6	2.420984314336183E-5	4.478603395276663E-5	0.1328716979411395	9.46237155851945E-5	4.729236789603644E-5	3.157966732251943E-5	4.786426736004785E-6	1.9338638278673378E-5	6.763032247269151E-5	2.6843859007856038E-5	4.4513303578696156E-5
89	89	6.461088030435682E-6	1.6568609160149343E-5	4.871035919296196E-5	8.136259497590464E-6	2.4070749978987194E-6	8.089103265865753E-6	0.16793137860674234	0.8318657797976062	3.1616107640020876E-5	1.5801541766834882E-5	1.0551542550724409E-5	1.5992627425452627E-6	6.461514068103573E-6	2.259695195651878E-5	8.969192666100652E-6	1.4872988115647258E-5
90	90	3.076500517816191E-6	7.889280322536686E-6	2.319384050708484E-5	3.874147270476993E-6	1.1461486738106647E-6	3.851693440621102E-6	7.125286693755554E-6	1.905706001743772E-6	1.5054271210618032E-5	7.524034837315721E-6	5.02420427769257E-6	7.615021854504696E-7	3.076703379176337E-6	1.0759725617081523E-5	0.9998986550587304	7.08189633444406E-6
91	91	1.0971558188343024E-5	2.8135115733477134E-5	8.271494487355472E-5	1.3816162864949062E-5	4.087448318107907E-6	1.3736086980226012E-5	0.9996487589530462	6.796216729665291E-6	5.368723704543225E-5	2.68325604207363E-5	1.7917549262092915E-5	2.715704252229669E-6	1.0972281641891664E-5	3.837183027104177E-5	1.5230564693598073E-5	2.525578567830698E-5
92	92	1.77203942545357E-6	4.544161682739987E-6	1.3359464615143598E-5	2.231477506193201E-6	6.601723697630032E-7	2.2185442817303275E-6	4.104107529277176E-6	0.9999402638839107	8.671138506949418E-6	4.333783236179576E-6	2.8939010443994454E-6	4.3861910224710393E-7	1.7721562719569258E-6	6.197514965498979E-6	2.459920518641754E-6	4.079115033114964E-6
93	93	3.2402843572266186E-6	8.309282404098952E-6	2.4428612361314838E-5	4.0803954770758835E-6	1.2071662583177302E-6	0.999892818380649	7.504616001469013E-6	2.0071601844899027E-6	1.5855716334427434E-5	7.924592323451987E-6	5.291678136974379E-6	8.020423221838257E-7	3.240498018328952E-6	1.1332541763987055E-5	4.498117740543755E-6	7.458915667041221E-6
94	94	3.12532861994408E-6	8.014493558508384E-6	2.3561957205411227E-5	3.9356350737410765E-6	1.164339557957922E-6	3.912824872127399E-6	0.9998999464180294	1.9359520578520053E-6	1.5293202258370555E-5	7.643451147933159E-6	5.103944995486009E-6	7.735882248535054E-7	3.125534700980333E-6	1.093049658827312E-5	4.338537782663007E-6	7.194295326569963E-6
95	95	2.130707355722711E-6	5.463918343988939E-6	1.6063474161540074E-5	2.6831375579347703E-6	7.937939213394665E-7	2.6675865966522892E-6	4.934795454152813E-6	1.3198443401019353E-6	1.0426211930650783E-5	5.210958450922762E-6	3.4796382932943346E-6	5.273973784636223E-7	2.1308478524298467E-6	7.4519170028117695E-6	2.957818357919229E-6	0.999931757953002
96	96	2.373981062649418E-6	6.087761719906776E-6	1.7897522790932325E-5	2.9894850336497833E-6	8.844254148017107E-7	2.972158539942682E-6	5.4982261758014074E-6	1.4705376881679925E-6	1.1616625630007702E-5	0.9999243075871489	3.876926313209537E-6	5.876130223143257E-7	2.3741376005809213E-6	8.302740307154882E-6	3.2955275390577195E-6	5.464744012963951E-6
97	97	9.019515438110633E-5	2.3129359235477123E-4	6.799842916042252E-4	1.1358012427829894E-4	3.360215802968038E-5	1.1292183521298888E-4	0.7007357612112527	5.587044306896161E-5	4.4135286442290874E-4	2.2058552559654055E-4	1.4729686468259215E-4	2.232530330500616E-5	9.020110175917122E-5	3.154477327440498E-4	1.2520766059556136E-4	0.29658437413671146
98	98	2.6756090057837123E-5	6.861246847803244E-5	0.9992831834122925	3.369316295119161E-5	9.967967487265974E-6	3.349788370768476E-5	6.196807423304403E-5	1.6573779562569695E-5	1.3092584705700545E-4	6.54359563860639E-5	4.369512091560924E-5	6.622726352607709E-6	2.6757854327594232E-5	9.357651199506496E-5	3.71424326042032E-5	6.159071159173872E-5
99	99	6.302534191901503E-5	1.6162018726906618E-4	0.5652881793789519	7.936597278382757E-5	2.348005847508153E-5	7.89059825137582E-5	1.459689759661475E-4	3.9040387499195694E-5	3.084025453258425E-4	1.5413775017629813E-4	0.43312624849500564	1.5600171471500627E-5	6.302949774688221E-5	2.2042427168278604E-4	8.74909042959437E-5	1.4508007891712735E-4
100	100	2.9858524278894937E-5	7.656825236638677E-5	0.999200066772039	3.759996777691524E-5	1.1123777748781647E-5	3.738204542649672E-5	6.915342432336241E-5	1.849554992498196E-5	1.461070199209254E-4	7.302341591176195E-5	4.876167728198452E-5	7.390647705414385E-6	2.9860493120054585E-5	1.0442693791578652E-4	4.144918870031152E-5	6.873230555888651E-5
101	101	2.0907396255681176E-5	5.3614263648005485E-5	0.9244937055254245	2.63280736238015E-5	7.78903964179821E-6	2.6175481054570282E-5	4.842228742656764E-5	1.2950867485492609E-5	0.07504847534439493	5.1132114840979185E-5	3.414367366262309E-5	5.17504477850096E-6	2.0908774868431918E-5	7.312134217952614E-5	2.902335710028561E-5	4.812741361440727E-5
102	102	2.4414455201654762E-5	6.260765434377092E-5	0.9993459176422806	3.0744410550859757E-5	9.095592634923242E-6	3.0566221722368566E-5	5.654476304366908E-5	1.512327839298538E-5	1.1946750144742025E-4	5.970914368697321E-5	3.987101889024162E-5	6.043119734574174E-6	2.4416065066356797E-5	8.538689902344065E-5	3.3891807619708094E-5	5.6200426360655566E-5
103	103	2.3228587811785922E-5	5.956665363213407E-5	0.9993776879575262	2.9251082373275313E-5	8.65379835328981E-6	2.9081548594393106E-5	5.379825119208359E-5	1.4388705267104864E-5	1.136646845119024E-4	5.680893044074131E-5	3.793438992546433E-5	5.749591225864357E-6	2.3230119481581028E-5	8.123945693482675E-5	3.2245602979549016E-5	5.347063974992221E-5
104	104	2.077762927944989E-5	5.328149333115754E-5	0.9994433510543377	2.6164661859736087E-5	7.740695022042552E-6	2.6013016394393963E-5	4.812174240677157E-5	1.2870484692120727E-5	1.0167138424814816E-4	5.081475060058881E-5	3.3931752425064756E-5	5.14292457067809E-6	2.0778999335496302E-5	7.26674963081144E-5	2.8843216386208815E-5	4.782869880256756E-5
105	105	2.3555486458069736E-5	6.0404942149446404E-5	0.9993689300870134	2.9662736293334467E-5	8.775584274578929E-6	2.9490816645657094E-5	5.4555360303908517E-5	1.4591199207404012E-5	1.1526430097581694E-4	5.760840919547159E-5	3.846824505323687E-5	5.830505898923675E-6	2.355703968323388E-5	8.238274936017824E-5	3.269939914004016E-5	5.4223138347418095E-5
106	106	2.0522868660093615E-5	5.2628193281440215E-5	0.7787468859038075	2.5843849250608127E-5	7.645784085306665E-6	2.5694063154886738E-5	4.75317075796425E-5	1.2712675896541577E-5	1.0042476152360634E-4	5.019169600849228E-5	3.351570523568675E-5	5.079865660958086E-6	2.0524221917480173E-5	0.22077506688563592	2.8489561232776793E-5	4.724225706919819E-5
107	107	4.178480159263526E-5	1.0715161953552198E-4	0.7367570994151393	5.261838055936328E-5	1.5566906182364562E-5	5.2313414309531756E-5	9.677511479847182E-5	2.588315741070689E-5	2.044659937531589E-4	1.0219088247593679E-4	6.823836943582669E-5	1.0342666138731034E-5	4.1787556840565626E-5	0.26226959085044393	5.800508122373674E-5	9.618579016018086E-5
108	108	1.94497146547466E-5	4.9876231197115456E-5	0.999478926926148	2.449245774700202E-5	7.2459811166739226E-6	2.4350504062588766E-5	4.5046244011420074E-5	1.204792189538286E-5	9.517348613662125E-5	4.756713993405763E-5	3.1763147447035823E-5	4.814236217483537E-6	1.9450997149433812E-5	6.802325948059736E-5	2.699982374753997E-5	4.477192905438098E-5
109	109	3.06794529949877E-5	7.86734159210717E-5	0.504287008115865	3.863373933856104E-5	1.1429614316594319E-5	0.49492947515898406	7.105472498085415E-5	1.9004065614221074E-5	1.5012407873989073E-4	7.503111791703229E-5	5.0102328305180726E-5	7.5938457896609085E-6	3.068147596736396E-5	1.0729804672437892E-4	4.2588790542150865E-5	7.062202799893472E-5
110	110	8.142022304622329E-5	2.0879143683391217E-4	0.9978186885180825	1.0253010946998314E-4	3.0333061907637497E-5	1.0193586421485597E-4	1.8857218729989675E-4	5.043490382138616E-5	3.9841440385549455E-4	1.9912513946093908E-4	1.3296660623021505E-4	2.015331297053534E-5	8.142559181411228E-5	2.8475836574238514E-4	1.1302642279108858E-4	1.8742385245882045E-4
111	111	3.215279862120074E-5	8.245161670142746E-5	2.424010263472684E-4	4.0489080465015386E-5	1.197850846621972E-5	4.025441336015053E-5	7.446704684622169E-5	1.9916714120618915E-5	1.5733361584724452E-4	7.863440150331382E-5	0.18254316042065596	7.958531544721833E-6	3.2154918744510656E-5	0.8165179992682121	4.463406847723116E-5	7.401357008684368E-5
112	112	1.706951254204248E-5	4.377251641381803E-5	0.29077459776094655	2.149513872666855E-5	6.359238052897796E-6	2.1370556940277673E-5	3.953360965823685E-5	1.0573530642959722E-5	8.35264189792366E-5	4.1746005332542747E-5	2.7876061595053065E-5	4.225083347155204E-6	1.7070638088588384E-5	0.7088277954038963	2.3695660233200186E-5	3.929286460450384E-5
113	113	1.8182046758510546E-5	4.662546386216124E-5	0.09247071001951838	2.289612058026547E-5	6.773712098778663E-6	2.2763418966213013E-5	4.211027922258154E-5	1.126267830316342E-5	8.897039395301338E-5	4.446687150953053E-5	2.9692930838886608E-5	4.5004602672378396E-6	1.818324566444744E-5	0.9071057684504716	2.5240064780565334E-5	4.185384320467695E-5
114	114	2.858377108070887E-5	7.329931570790092E-5	2.1549400811009234E-4	3.5994708296318774E-5	1.0648869105316191E-5	3.5786089728316214E-5	6.620104971843144E-5	1.770591741672883E-5	1.3986925715736903E-4	6.99058193384515E-5	4.667988973335933E-5	7.075117985621677E-6	2.858565586592049E-5	0.9991186930269171	3.967959401557731E-5	6.579790982279773E-5
115	115	2.2300155614643028E-5	5.7185811561309965E-5	1.681216205275819E-4	2.8081934816967634E-5	8.307911419315296E-6	2.7919177197707914E-5	5.1647968576479704E-5	1.381359767324582E-5	1.0912157781794338E-4	5.4538312849444E-5	3.641817597086894E-5	5.519783643166872E-6	2.2301626064549746E-5	0.9993124321284086	3.0956766298426704E-5	5.1333451559753034E-5
116	116	3.096322004973904E-5	7.940109915345518E-5	2.3343275363047597E-4	3.8991078904814885E-5	1.153533158580683E-5	0.11103176935552989	7.171193976357134E-5	1.9179842142196646E-5	1.5151263894916945E-4	7.572511201625875E-5	0.6197615062062015	7.66408443616872E-6	3.0965261733430426E-5	0.26834138412329034	4.298271202632929E-5	7.127524058682207E-5
117	117	3.06794529949877E-5	7.86734159210717E-5	2.3129342429477361E-4	3.863373933856104E-5	1.1429614316594319E-5	0.2841425399243274	7.105472498085415E-5	1.9004065614221074E-5	1.5012407873989073E-4	7.503111791703229E-5	5.0102328305180726E-5	7.5938457896609085E-6	3.068147596736396E-5	0.7149499479729513	4.2588790542150865E-5	7.062202799893472E-5
118	118	1.0423771601924219E-4	2.6730389190394646E-4	0.8415165246539978	1.312635121164736E-4	3.883370709175518E-5	0.15582136810745562	2.4141832794703641E-4	6.456896069919698E-5	5.100674738202045E-4	2.5492867696564426E-4	1.702296410119017E-4	2.5801149096299562E-5	1.042445893497447E-4	3.6456006323523676E-4	1.4470134962513823E-4	2.3994817966469678E-4
119	119	2.6335115248056877E-5	6.753293403171925E-5	0.23620545163305953	3.3163041665397905E-5	9.811133540012222E-6	3.2970834905284995E-5	6.0993081317176534E-5	1.6313011128780963E-5	1.2886588674737134E-4	6.440640052671132E-5	4.3007630883395604E-5	6.51852574031761E-6	2.6336851759157027E-5	0.763181114222205	3.655804122016575E-5	6.062165602194079E-5
120	120	2.719074232613787E-5	6.972707696504323E-5	0.7068618177173622	3.4240507861128197E-5	1.0129896964604507E-5	3.404205630933719E-5	6.29747446385255E-5	1.6843020354689E-5	1.3305273541324553E-4	6.649896248337298E-5	4.4404947477658875E-5	6.730312439561132E-6	2.719253525642984E-5	0.2925048176815549	3.774581084619322E-5	6.259125174696088E-5
121	121	2.9080383866962223E-5	7.457281378138403E-5	0.9992209137625235	3.6620078277310386E-5	1.0833881941512862E-5	3.6407835182368135E-5	6.73512229289829E-5	1.8013539002301486E-5	1.4229933754501204E-4	7.112035900219873E-5	4.749090343889968E-5	7.198040676472715E-6	2.9082301398323146E-5	1.0170547654255654E-4	4.0368984988022403E-5	6.694107890410903E-5
122	122	2.077320707987115E-4	5.327015318285695E-4	0.9944346952852428	2.615909311293164E-4	7.739047533880875E-5	2.600747992299995E-4	4.811150043228366E-4	1.2867745406939623E-4	0.0010164974505406375	5.080393546062855E-4	3.3924530572212254E-4	5.1418299780966145E-5	2.0774576844322155E-4	7.265203014654033E-4	2.8837077550173334E-4	4.781851919791432E-4
123	123	1.3329072329860197E-4	3.4180650203263503E-4	0.8371611725905976	1.6784911585639297E-4	4.9657389899742046E-5	1.6687629390983928E-4	3.0870614570698566E-4	8.256554156123515E-5	6.522328492312263E-4	3.259820824933824E-4	2.1767583600113777E-4	3.299241345950052E-5	1.3329951235528065E-4	0.15973403443326803	1.8503233081448308E-4	3.06826239513789E-4
124	124	4.285463051941532E-5	1.098950548938614E-4	0.998851890917171	5.396558488861994E-5	1.5965470394700094E-5	5.365281049555628E-5	9.925287736423005E-5	2.654585172679661E-5	2.0970099849944242E-4	1.0480730658132749E-4	6.998549706970826E-5	1.0607472551433814E-5	4.2857456310792686E-5	1.4987940458323882E-4	5.949020288108878E-5	9.86484640687892E-5
125	125	7.764333007088199E-5	1.9910609231401654E-4	5.853556674780884E-4	9.777397842870228E-5	2.8925982386687167E-5	0.487167553674183	1.79824766291809E-4	4.809534705246322E-5	0.5106441052883653	1.8988819178005498E-4	1.2679859756803335E-4	1.9218448101090594E-5	7.764844979423429E-5	2.7154909375805877E-4	1.0778339241981009E-4	1.7872970000776107E-4
126	126	4.178480159263526E-5	1.0715161953552198E-4	3.150170195478152E-4	5.261838055936328E-5	1.5566906182364562E-5	0.998617848865959	9.677511479847182E-5	2.588315741070689E-5	2.044659937531589E-4	1.0219088247593679E-4	6.823836943582669E-5	1.0342666138731034E-5	4.1787556840565626E-5	1.4613779438596794E-4	5.800508122373674E-5	9.618579016018086E-5
127	127	7.94869362407437E-5	2.0383377748558335E-4	5.99254676177753E-4	1.0009557784643102E-4	2.961281690999681E-5	9.951544267928906E-5	1.8409462499476342E-4	4.9237349572017874E-5	3.8895423190718676E-4	1.9439700202338172E-4	1.298093735946776E-4	1.967478156156932E-5	7.949217752963873E-5	0.9975492250137267	1.1034266089905203E-4	1.8297355685124042E-4
128	128	2.6335115248056877E-5	6.753293403171925E-5	0.8576903154668556	3.3163041665397905E-5	9.811133540012222E-6	0.14163711702488413	6.0993081317176534E-5	1.6313011128780963E-5	1.2886588674737134E-4	6.440640052671132E-5	4.3007630883395604E-5	6.51852574031761E-6	2.6336851759157027E-5	9.210419843012079E-5	3.655804122016575E-5	6.062165602194079E-5
129	129	3.79911375332996E-5	9.742326777991224E-5	2.864164590667952E-4	4.784113018171196E-5	1.4153578602762145E-5	4.756385197770569E-5	8.798885135205752E-5	2.3533211969577097E-5	1.8590241890554195E-4	9.291291864065833E-5	6.204297207292544E-5	9.40365005363067E-6	3.799364263082481E-5	0.9988286411079592	5.273876946659008E-5	8.745303180687102E-5
130	130	4.516750513921166E-5	1.1582611719038463E-4	3.405193349505558E-4	5.687812036304915E-5	1.682713063587945E-5	5.654846546146935E-5	1.0460957880384424E-4	2.7978537669380307E-5	2.2101861135240063E-4	1.1046378188920219E-4	7.376263102149965E-5	1.1179960372400617E-5	4.517048343922294E-5	0.9986073762932278	6.270090330488238E-5	1.0397254517883925E-4
131	131	4.578526556203865E-5	1.1741028241955561E-4	3.4517665148135534E-4	5.765604802535384E-5	1.705727696130847E-5	5.732188440117005E-5	1.0604033433117386E-4	2.8361202888711018E-5	2.2404150469975006E-4	1.1197460592955196E-4	7.477148980146167E-5	1.1332869793134758E-5	4.578828459655295E-5	0.9985883292414307	6.355846974380514E-5	1.053945879344467E-4
132	132	4.914614921332363E-5	1.2602882582719304E-4	3.7051446596224016E-4	6.188831067202451E-5	1.8309372424138607E-5	6.152961764853318E-5	1.1382426266828335E-4	3.044306704193492E-5	2.404873507838882E-4	1.2019414157727645E-4	8.026011751981458E-5	1.2164763118254354E-5	4.9149389861136816E-5	0.9984847050489043	6.822400174936274E-5	1.1313111502836156E-4
133	133	6.073829007844902E-5	1.557553440883452E-4	0.9983727736846786	7.648595518127648E-5	2.262801849692425E-5	7.604265695224602E-5	1.4067208101906602E-4	3.762369720656425E-5	2.972112913405958E-4	1.4854442827580958E-4	9.919113455845937E-5	1.5034075361734394E-5	6.074229510041046E-5	2.1242555686573175E-4	8.431605069562626E-5	1.3981544010020135E-4
134	134	3.67402621543951E-5	9.421556264364205E-5	0.9990156996298015	4.626593934172157E-5	1.3687565628497642E-5	4.5997790647938423E-5	8.509177864193123E-5	2.2758370326220598E-5	1.7978149771743831E-4	8.985371878890641E-5	6.000017916807867E-5	9.09403062426743E-6	3.674268477045174E-5	1.2849506690853555E-4	5.1002321638944615E-5	8.457360119751159E-5
135	135	4.125222786689541E-4	0.0010578590436971995	0.0031100192838123156	5.194772601730998E-4	1.5368496116795514E-4	5.164664675522775E-4	9.554165474882047E-4	2.5553260198066767E-4	0.987856785549714	0.001008883950416912	6.736862825569253E-4	1.0210842316919273E-4	4.125494799744818E-4	0.001442751757624238	5.726576977455631E-4	9.49598414258002E-4
136	136	2.3891717405055902E-5	6.126716212260239E-5	0.9993599221968629	3.008614210717161E-5	8.900846939659138E-6	2.991176847893022E-5	5.5334083362369093E-5	1.4799473943563774E-5	1.1690958328148212E-4	5.843071146516317E-5	3.901734067417298E-5	5.9137305236111416E-6	2.3893292800951643E-5	8.355868049121236E-5	3.316615027075042E-5	5.499711927061268E-5
137	137	8.142022304622329E-5	2.0879143683391217E-4	0.9978186885180825	1.0253010946998314E-4	3.0333061907637497E-5	1.0193586421485597E-4	1.8857218729989675E-4	5.043490382138616E-5	3.9841440385549455E-4	1.9912513946093908E-4	1.3296660623021505E-4	2.015331297053534E-5	8.142559181411228E-5	2.8475836574238514E-4	1.1302642279108858E-4	1.8742385245882045E-4
138	138	1.9678380246504423E-5	5.0462613985952675E-5	0.9994728007960276	2.4780409649831346E-5	7.3311703643992565E-6	2.4636787050278475E-5	4.5575841808929404E-5	1.2189566399611482E-5	9.629241779774846E-5	4.812637529531235E-5	3.213657909042988E-5	4.870836028487148E-6	1.9679677819171534E-5	6.88229924925483E-5	2.7317254146092446E-5	4.529830179727677E-5
139	139	8.135235876829217E-4	0.002086174078326542	0.9782050665518806	0.001024446499663727	3.030777910605842E-4	0.0010185090001847568	0.0018841501117276018	5.039286600568992E-4	0.00398082322895465	0.001989591673805165	0.0013285577771141276	2.0136515054962337E-4	8.13577230612787E-4	0.002845210178188234	0.0011293221454302838	0.001872676334761364
140	140	0.3314034463415922	4.7388797123195525E-4	0.6638304903391261	2.3270966618027937E-4	6.884608577169825E-5	2.313609246675207E-4	4.279969170450483E-4	1.1447066323034913E-4	9.04269813052043E-4	4.5194865168482815E-4	3.017905150878319E-4	4.574139984872431E-5	1.8480934417748921E-4	6.463079438469973E-4	2.565328492599109E-4	4.253905741969673E-4
141	141	1.0108995936830736E-4	2.5923188461431925E-4	0.9972917208916084	1.2729963407818833E-4	3.766101198247283E-5	1.265618293111649E-4	2.3412800946660684E-4	6.261911583261022E-5	4.946645242501402E-4	2.4723037476680784E-4	1.6508906900836176E-4	2.5022009435808097E-5	1.0109662513889175E-4	3.5355112705035235E-4	1.4033167756135576E-4	2.3270225652609092E-4
142	142	5.965589901566267E-5	1.529796947869788E-4	0.9984017717881576	7.512293172095247E-5	2.22247742673287E-5	7.468753331986632E-5	1.381652240910568E-4	3.695322140698598E-5	2.9191481616668583E-4	1.4589728161783192E-4	9.742349181752866E-5	1.4766159541453976E-5	5.965983266584246E-5	2.0864001196544053E-4	8.28134904555452E-5	1.3732384900324202E-4
143	143	5.0632837776666636E-5	1.2984124281220557E-4	0.998643506658762	6.376045416960242E-5	1.8863237478078078E-5	6.339091055406448E-5	1.172674872596011E-4	3.1363980690893996E-5	2.477621790209322E-4	1.238300572802167E-4	8.268801473494218E-5	1.2532751546507093E-5	5.063617645523338E-5	1.7708283763847639E-4	7.028780216444742E-5	1.16553371656055E-4
144	144	7.420130572052025E-5	1.902794742719443E-4	0.998012088961614	9.343953766893445E-5	2.764365799845938E-5	9.289797966038385E-5	1.7185291315504304E-4	4.596322114361119E-5	3.6309000243289877E-4	1.8147021460987917E-4	1.211774597314355E-4	1.8366470651389152E-5	7.420619848023729E-5	2.595109883318667E-4	1.030052220227535E-4	1.708063925066796E-4
145	145	1.956337928682932E-5	5.0167709173493336E-5	0.9994758817617188	2.463559229925804E-5	7.28832681646053E-6	2.4492809033866452E-5	4.530949541860804E-5	1.2118330260436474E-5	9.572968243449902E-5	4.784512352177635E-5	3.194877209667434E-5	4.8423707376105986E-6	1.956466927644843E-5	6.84207891564398E-5	2.715761141111443E-5	4.503357735791318E-5
146	146	3.8873473292170624E-5	9.968590160689199E-5	0.9989585492343089	4.895222983928681E-5	1.448229233254354E-5	4.866851191037534E-5	9.003237294605716E-5	2.407976560787365E-5	1.9021996143022177E-4	9.50708006073636E-5	6.348390636447161E-5	9.622047744380393E-6	3.887603657003128E-5	1.359557406164859E-4	5.396361571233465E-5	8.948410911055148E-5
147	147	5.662844518598005E-5	1.452161882354319E-4	0.9984828796450583	7.131054751271395E-5	2.1096897911768446E-5	7.089724497437661E-5	1.3115353130450428E-4	3.507789686216072E-5	2.771005456129406E-4	1.3849319767538355E-4	9.247938522839498E-5	1.4016797500296193E-5	5.663217920888914E-5	1.9805182180030763E-4	7.861082109734476E-5	1.3035485483114058E-4
148	148	1.8281339850293523E-5	4.688008791654734E-5	0.9995102286013435	2.3021157471460698E-5	6.810703688673276E-6	2.288773116707393E-5	4.234024562160081E-5	1.132418436820281E-5	8.945626584686986E-5	4.4709707380141796E-5	2.985508546021444E-5	4.525037512050574E-6	1.8282545303517353E-5	6.393699580502678E-5	2.5377902071501346E-5	4.208240919342336E-5
149	149	0.15609800509137606	8.931436932901178E-5	0.8430037278805811	4.385913619546835E-5	1.2975523973493178E-5	4.360493688062452E-5	8.066521423040962E-5	2.1574455807590067E-5	1.7042907387171193E-4	8.517943320947859E-5	5.6878906325634415E-5	8.620949523353257E-6	3.483129140925466E-5	1.2181061749037371E-4	4.834912687118735E-5	8.017399292524255E-5
150	150	3.184691627828769E-5	8.166722172571386E-5	0.9991467961945761	4.010389176213004E-5	1.1864552157861693E-5	3.9871457138632875E-5	7.375861225464872E-5	1.9727238509176265E-5	1.5583683867393172E-4	7.788632121180416E-5	5.2008901695315705E-5	7.882818873370054E-6	3.184901623202254E-5	1.1138112245395549E-4	4.420944685718485E-5	7.330944959978303E-5
151	151	2.423768606733249E-5	6.215435318390943E-5	0.7024964149284217	3.052181034153968E-5	9.029737385525154E-6	3.0344911662048255E-5	5.613535932234378E-5	1.5013780605401673E-5	1.1860251524821668E-4	5.927682875086294E-5	0.2968938208361456	5.999365449038688E-6	2.4239284276055007E-5	8.476866822131267E-5	3.364641916258018E-5	5.579351575649667E-5
152	152	2.3891717405055902E-5	6.126716212260239E-5	1.8012045820377698E-4	3.008614210717161E-5	8.900846939659138E-6	2.991176847893022E-5	5.5334083362369093E-5	1.4799473943563774E-5	1.1690958328148212E-4	5.843071146516317E-5	0.7422868700608208	5.9137305236111416E-6	2.3893292800951643E-5	0.2570155076990035	3.316615027075042E-5	5.499711927061268E-5
153	153	1.9559458804468605E-4	5.015765561290911E-4	0.001474594154262533	2.4630655350296466E-4	7.28686624278846E-5	2.44879006985337E-4	4.530041543937965E-4	1.2115901758727705E-4	9.571049829837004E-4	4.783553540511904E-4	0.9936046974867583	4.84140033118017E-5	1.9560748535575037E-4	6.840707769621296E-4	2.715216905195268E-4	4.5024552672398317E-4
154	154	0.43458774292655655	5.327015318285695E-4	0.0015660990435105895	2.615909311293164E-4	7.739047533880875E-5	2.600747992299995E-4	4.811150043228366E-4	1.2867745406939623E-4	0.0010164974505406375	5.080393546062855E-4	0.5588278306916965	5.1418299780966145E-5	2.0774576844322155E-4	7.265203014654033E-4	2.8837077550173334E-4	4.781851919791432E-4
155	155	1.2919310454936667E-5	3.3129869851354236E-5	9.739911448674671E-5	1.6268910421301E-5	4.813082415791293E-6	1.617461887246795E-5	2.9921591218323698E-5	8.002731457311864E-6	6.32181929814353E-5	3.1596075272576414E-5	2.1098405307146196E-5	3.197816183996872E-6	1.2920162341317266E-5	0.9996016663315973	1.7934407337843026E-5	2.9739379800041746E-5
156	156	6.073829007844902E-5	1.557553440883452E-4	4.579080044337466E-4	7.648595518127648E-5	2.262801849692425E-5	7.604265695224602E-5	1.4067208101906602E-4	3.762369720656425E-5	2.972112913405958E-4	1.4854442827580958E-4	9.919113455845937E-5	1.5034075361734394E-5	6.074229510041046E-5	0.9981272912371105	8.431605069562626E-5	1.3981544010020135E-4
157	157	2.0907396255681176E-5	5.3614263648005485E-5	1.576215610445947E-4	2.63280736238015E-5	7.78903964179821E-6	2.6175481054570282E-5	4.842228742656764E-5	1.2950867485492609E-5	1.023063743100885E-4	5.1132114840979185E-5	3.414367366262309E-5	5.17504477850096E-6	2.0908774868431918E-5	0.9993553742766442	2.902335710028561E-5	4.812741361440727E-5
158	158	8.344989726607883E-5	2.1399626900967032E-4	6.291315721591201E-4	1.0508601895001548E-4	3.108921598656039E-5	1.044769601236467E-4	1.932729863498709E-4	5.169216424437771E-5	4.0834622931691005E-4	2.0408900650733072E-4	0.3242052148735313	2.065570240464133E-5	8.345539986865126E-5	0.6733581036905467	1.1584398835304151E-4	1.920960253820721E-4
159	159	5.760286695619166E-5	1.477149645083638E-4	4.342699444370968E-4	7.253760839552451E-5	2.145991823736002E-5	7.211719404280277E-5	1.3341032743802904E-4	3.568149221505219E-5	2.818686935515955E-4	1.408762895366894E-4	0.32703247724571216	1.4257988523430937E-5	5.760666523149548E-5	0.6712855573934378	7.996349986505402E-5	1.3259790791132097E-4
160	160	1.2345918306973637E-4	3.1659481218612246E-4	0.9966924318860526	1.5546854432010694E-4	4.599465468173233E-5	1.5456747784059832E-4	2.859359422351578E-4	7.647549700833061E-5	6.041240736382014E-4	3.01937603788414E-4	2.016200394270368E-4	3.055888896396762E-5	1.234673238445079E-4	4.3178505156967633E-4	1.7138432321857534E-4	2.8419469815517894E-4
161	161	8.78287543043961E-5	2.252252710746918E-4	0.36797235366974207	1.1060018575888301E-4	3.272055690726219E-5	1.0995916785747679E-4	2.0341457794340238E-4	5.4404601343079264E-5	0.31526709597572694	2.1479814590552948E-4	0.3149807549596254	2.1739566745031798E-5	8.78345456444121E-5	3.07171506109862E-4	1.2192265687589247E-4	2.0217585843561114E-4
162	162	4.027659582478719E-5	1.0328402451393358E-4	3.0364660571926037E-4	5.07191410744391E-5	1.5005024905035966E-5	5.04251824599071E-5	9.328205558172208E-5	2.4948915154933492E-5	1.9708587516090853E-4	9.850234328232586E-5	0.42116946106439557	9.96935172461855E-6	4.027925162314111E-5	0.5776544891552737	5.591141092420959E-5	9.271400238148343E-5
163	163	4.879045788992067E-6	0.9998450149262609	3.678328971547633E-5	6.144039897439473E-6	1.8176859805907798E-6	6.108430196296666E-6	1.1300046867278405E-5	3.022273777956302E-6	2.3874684282077794E-5	1.1932424609274245E-5	7.967924133980735E-6	1.2076721618326575E-6	4.879367508380455E-6	1.70639314567696E-5	6.773023599439494E-6	1.1231233763345669E-5
164	164	6.672332950426459E-7	1.7110318930997055E-6	5.0302941724258225E-6	8.402274057134671E-7	2.4857741833838344E-7	8.35357605499129E-7	1.5453364923119723E-6	4.133106715121358E-7	3.264979455116882E-6	1.6318172311186229E-6	1.0896524657670993E-6	0.9999772591588378	6.672772917372614E-7	2.333575806558341E-6	9.262439930061012E-7	1.5359259649127948E-6
165	165	0.9999292540906521	5.443131329925285E-6	1.600236203608629E-5	2.6729297885941342E-6	7.907739996701245E-7	2.657437989625314E-6	4.916021443260138E-6	1.3148231042173038E-6	1.0386546291380842E-5	5.191133801324253E-6	3.4664003044399233E-6	5.25390939854356E-7	2.1227412224461287E-6	7.423566816409542E-6	2.946565588764755E-6	4.8860846918038065E-6
166	166	0.9999476450433755	4.028146748086399E-6	1.184242280596361E-5	1.9780807743135086E-6	5.852061106315821E-7	1.966616189710308E-6	3.6380632011065493E-6	9.730245497557186E-7	7.686482307978573E-6	3.8416579489315214E-6	2.565282420640592E-6	3.888114538433212E-7	1.5709180311735544E-6	5.493752532906948E-6	2.1805828070234996E-6	3.615908742447043E-6
167	167	0.9998851068737854	8.839781418556433E-6	2.5988236183445196E-5	4.340904829618492E-6	1.2842367535999667E-6	4.315745760626037E-6	7.983741779008748E-6	2.135305606434513E-6	1.6868010956256842E-5	8.430531129370386E-6	5.629520792930602E-6	8.532480269341924E-7	3.4473848373672487E-6	1.2056058181497151E-5	4.785296213030746E-6	7.935123745892274E-6
168	168	6.844218903866153E-7	1.7551097816727523E-6	5.159879568768234E-6	8.618725019354698E-7	2.549810206274358E-7	8.56877250809266E-7	1.5851459020551143E-6	4.2395796674867265E-7	3.3490885831794897E-6	1.6738544709707226E-6	1.1177230003743868E-6	0.9999766733320822	6.844670204799773E-7	2.3936910474215004E-6	9.501049623310009E-7	1.5754929500817444E-6
169	169	0.9998624431307135	1.0583510930343336E-5	3.111465868720004E-5	5.1971888824542884E-6	1.5375644572321864E-6	5.16706695193687E-6	9.558609470343253E-6	2.5565145963771554E-6	2.0195383785615012E-5	1.0093532196281607E-5	6.739996389447574E-6	1.0215591757048897E-6	4.127413719844484E-6	1.4434228347873231E-5	5.729240620048275E-6	9.50040107575333E-6
