0	0	8.959382094101332E-6	2.754277617798088E-5	1.1923669043789558E-5	2.9358118458245874E-6	0.9999219071730373	1.2012234539218043E-5	5.901664932934532E-6	2.941345996284462E-6	2.939054296096451E-6	2.9368880364409357E-6
1	1	3.371778814898566E-7	1.0365463627402524E-6	4.487360205809385E-7	1.1048650545662999E-7	2.503949342445318E-6	4.5206909933659693E-7	2.2210358465010185E-7	1.1069477798126484E-7	1.1060853200957976E-7	0.9999946676278934
2	2	2.09077253890331E-4	6.427416475070962E-4	0.9969032194509685	6.851047005438343E-5	0.001552648857290825	2.803189979139077E-4	1.3772198624849278E-4	6.863961567721923E-5	6.858613627685244E-5	6.853558417233994E-5
3	3	6.038768395685419E-5	1.856427648314415E-4	8.036745729334956E-5	1.9787846532314525E-5	0.9994736417194413	8.09644030526937E-5	3.9778175888261066E-5	1.9825147601230945E-5	1.9809701171418713E-5	1.979510023107799E-5
4	4	6.753714116369311E-6	2.0762150148691486E-5	8.988237257229594E-6	2.2130581883770592E-6	0.9999411324774069	9.054999231483645E-6	4.448761906681428E-6	2.2172299124636538E-6	2.2155023951251035E-6	2.2138694367065976E-6
5	5	3.099622100679496E-5	0.017477890529472594	4.125158152776072E-5	1.0156846962410214E-5	0.8606690071691014	4.155798610355005E-5	0.12169863503784435	1.0175993121033371E-5	1.0168064667400873E-5	1.0160570192632946E-5
6	6	8.370582090573931E-6	2.573269747607725E-5	1.1140059604957263E-5	2.742873760695326E-6	0.9999270393413395	1.122280468068794E-5	5.513814487799795E-6	2.7480442133269276E-6	2.745903120967069E-6	2.7438792253361497E-6
7	7	3.4605413932619583E-5	1.0638335997747461E-4	4.6054906300688146E-5	1.1339507913155729E-5	0.9996983681939415	4.639698855560928E-5	2.2795049452158705E-5	1.1360883446135335E-5	1.1352031805164716E-5	1.1343664675458974E-5
8	8	1.4612740206691338E-5	0.24588855672720145	1.944748825504147E-5	4.788305192051836E-6	0.7540289962076111	1.9591938459573482E-5	9.625607608441104E-6	4.797331384046497E-6	4.793593624106436E-6	4.7900604575070205E-6
9	9	2.6803058763408176E-5	0.1804554497448641	3.567107627506302E-5	8.782830846532736E-6	0.819393323756763	3.593603050443369E-5	1.7655533644840725E-5	8.799386916853615E-6	8.792531022757098E-6	8.786050398955844E-6
10	10	3.427285365872423E-5	1.0536100898346818E-4	4.56123156620267E-5	1.1230534506139694E-5	0.9997012668951747	4.59511104842758E-5	2.257598754745129E-5	1.1251704618860027E-5	1.1242938042733635E-5	1.123465132168742E-5
11	11	1.1483029355452881E-4	3.530092857526985E-4	0.9982991730907956	3.762761008918832E-5	8.527523714431875E-4	1.539579854834414E-4	7.564025170391132E-5	3.769853999430987E-5	3.766916781187984E-5	3.764140337125822E-5
12	12	1.3713693724655143E-5	4.2158398075268595E-5	1.825098467988525E-5	4.4937054881675095E-6	0.999880467079112	1.8386547608904453E-5	9.033393654355537E-6	4.50217634515695E-6	4.498668550293751E-6	4.495352761198946E-6
13	13	2.7421317096071684E-5	8.429813477648081E-5	3.649389057908722E-5	8.9854218419551E-6	0.9997609870693558	3.676495643032645E-5	1.8062788685763366E-5	9.00235980631734E-6	8.995345769312941E-6	8.988715658854161E-6
14	14	2.220977330630034E-4	6.827689774966372E-4	2.955806367676519E-4	7.277702288045511E-5	0.9980641254436163	2.9777612252277093E-4	1.4629875019675178E-4	7.291421116628311E-5	7.285740128684372E-5	7.280370100331272E-5
15	15	0.9999691770930725	6.2575629597736E-6	2.708990163913332E-6	6.669998457883578E-7	1.5116179286967095E-5	2.7291117435292005E-6	1.3408248916770293E-6	6.682571734704965E-7	6.677365121501294E-7	6.672443502092267E-7
16	16	0.999966971494825	6.7053361023164785E-6	2.9028376803683813E-6	7.147284294149576E-7	1.6197849442917343E-5	2.9243991021393253E-6	1.4367704505480277E-6	7.160757278366729E-7	7.155178094951426E-7	7.149904298664061E-7
17	17	4.454731601469936E-5	1.369465819669026E-4	5.928617033735965E-5	1.4597272075464913E-5	0.9996117114099333	5.972653051749402E-5	2.934391345508013E-5	1.4624788654936532E-5	1.461339399720076E-5	1.460262304754926E-5
18	18	2.5646571182433523E-5	0.12233036740116061	3.413195504728624E-5	8.403872799636872E-6	0.8775249311604915	3.43854771383141E-5	1.6893739792281856E-5	8.419714515305738E-6	8.413154436565562E-6	8.406953436109137E-6
19	19	2.5646571182433523E-5	7.884224184115165E-5	0.9996201317871299	8.403872799636872E-6	1.9045648772831304E-4	3.43854771383141E-5	1.6893739792281856E-5	8.419714515305738E-6	8.413154436565562E-6	8.406953436109137E-6
20	20	8.350981496458784E-6	2.5672441671491753E-5	1.1113973989360564E-5	2.7364510346876544E-6	0.9999272101863586	1.1196525308835477E-5	5.500903314044831E-6	2.741609380163227E-6	2.7394733013952377E-6	2.7374541449277795E-6
21	21	2.36847638603422E-4	7.281128798639196E-4	3.152106726611875E-4	7.761027443235225E-5	0.9979355605706166	3.1755196453083433E-4	1.5601471044687844E-4	7.775657363628511E-5	7.769599091169355E-5	7.76387242968063E-5
22	22	2.7421317096071684E-5	8.429813477648081E-5	3.649389057908722E-5	8.9854218419551E-6	0.5999380466817544	0.3998597053440317	1.8062788685763366E-5	9.00235980631734E-6	8.995345769312941E-6	8.988715658854161E-6
23	23	4.7557307442681805E-7	1.4619984511918444E-6	0.9999929559747933	1.5583586577658011E-7	3.531699296923048E-6	6.37621573736994E-7	3.1326635106236513E-7	1.5612962408724264E-7	1.560079783205335E-7	1.5589299106431878E-7
24	24	0.825659034577644	5.990855551820085E-6	2.593528641682794E-6	6.385712384983972E-7	0.17432592814073516	2.612792607179911E-6	1.2836767760803353E-6	6.397749768504395E-7	6.392765069538053E-7	6.388053217471993E-7
25	25	2.3609209834174098E-5	7.257902111684262E-5	3.142051555468461E-5	7.736269887112008E-6	0.9997942146100098	3.165389787320581E-5	1.5551702596139157E-5	7.750853138288124E-6	7.744814191623331E-6	7.739105798095162E-6
26	26	9.35908415396796E-6	2.8771533279436848E-5	1.2455615893238965E-5	3.0667862846678095E-6	0.9999184232426199	1.254813253290754E-5	6.164954030950525E-6	3.0725673284195643E-6	3.070173389340955E-6	3.0679104870333662E-6
27	27	6.155134223259415E-8	1.8922006280799085E-7	8.191612170058867E-8	2.0169154273688614E-8	4.570923876409946E-7	8.252457048219683E-8	4.054469317346258E-8	0.6591526418857376	0.3408464049193823	2.0176547749738482E-8
28	28	1.1170655368259016E-7	3.4340633911783116E-7	1.4866560686260336E-7	0.24287374511104703	8.295548640510951E-7	1.4976985112471836E-7	0.757124561850825	3.6673022869439166E-8	3.664444970140283E-8	3.661744053961492E-8
29	29	6.212529981422304E-6	0.5748743348033957	8.267997797735382E-6	2.0357228791490045E-6	4.6135470966152834E-5	0.42505280719764144	4.092276671658351E-6	2.0395603174112157E-6	2.037971228344926E-6	2.0364691210660885E-6
30	30	7.8397553977595E-7	2.410083931488648E-6	1.0433604434472262E-6	2.568932379863882E-7	5.821956732871452E-6	0.9999883957730649	5.16415183857412E-7	2.573774944393905E-7	2.5717696309994875E-7	2.569874082216223E-7
31	31	2.8348065694683067E-6	0.999962953804472	3.772726174917194E-6	9.289098980102374E-7	2.1051831793401225E-5	3.8007488717540866E-6	1.867325039491091E-6	9.306609390882162E-7	9.299358302938828E-7	9.292504116971392E-7
32	32	1.821371301182267E-6	0.9999761977137772	2.423987321118049E-6	5.968272572252864E-7	1.352586193315088E-5	2.441991983711313E-6	1.1997616604740765E-6	5.979523061090345E-7	5.974864216418338E-7	5.97046038239717E-7
33	33	4.108425509597383E-6	0.9999463097283671	5.467732657562846E-6	1.3462495685617643E-6	3.0509976834145966E-5	5.508345362419812E-6	2.7062748864710185E-6	1.3487873155497256E-6	1.3477364306322295E-6	1.346743067882918E-6
34	34	8.278324525544539E-7	2.5449080878677855E-6	1.101727784828672E-6	2.712642786121918E-7	6.147646803134024E-6	0.9999877466130558	5.453043194577424E-7	2.7177562518719944E-7	2.7156387578671235E-7	2.7136371688907193E-7
35	35	5.0014893811653694E-6	0.9999346388725275	6.656274225240026E-6	1.6388888896320695E-6	3.714204499974894E-5	6.705715066167533E-6	3.2945480149464253E-6	1.6419782762067371E-6	1.6406989564908497E-6	1.6394896627527202E-6
