0	0	2.8005182456112366E-5	1.2866634955437244E-4	4.958246409077946E-5	2.4302228156128226E-5	3.507701786136334E-5	9.763444609027486E-5	9.354376093477744E-5	1.3786397990545657E-5	7.506684472771244E-5	0.9993102681274106	2.0793168443899405E-5	1.2327401228332978E-4
1	1	5.886386092624211E-6	2.704427338734509E-5	1.0421697038374493E-5	0.9998126982752701	7.372809316041249E-6	2.0521703314288748E-5	1.96618855913955E-5	2.897751568878574E-6	1.5778237885607677E-5	4.743561920638621E-5	4.370498843975501E-6	2.591086248496131E-5
2	2	1.8620924880457957E-5	0.8760226611568243	3.2967874452140795E-5	1.6158793667285874E-5	2.3323058710669803E-5	6.491811611087458E-5	6.219817878822033E-5	9.1667134022909E-6	4.9912693083799214E-5	0.1236042807860173	1.382558489762857E-5	8.196611916518788E-5
3	3	1.1814410267233083E-5	0.9250700530106245	2.0917113243122876E-5	1.0252262926490473E-5	1.4797771113066247E-5	4.118856944182482E-5	3.946285196875123E-5	5.81600074282375E-6	3.1668085093525626E-5	9.520678014762117E-5	8.771912953500324E-6	0.0746500512314776
4	4	1.851209647589366E-5	0.9994799419630662	3.2775196526552475E-5	1.606435497824203E-5	2.3186749086666897E-5	6.453870772761642E-5	6.183466684626353E-5	9.113139328979622E-6	4.96209826134177E-5	1.4918028571770005E-4	1.3744782447898686E-5	8.1487075184594E-5
5	5	1.0116414555788946E-5	0.9997158008169662	1.7910854972143426E-5	8.77878282143098E-6	1.2670999541690724E-5	3.5268848296986246E-5	3.379115512662121E-5	4.980111003455194E-6	2.7116671060817594E-5	8.152343068417594E-5	7.511192338649598E-6	4.45307226320675E-5
6	6	7.197136380638446E-6	0.33404537901601206	1.2742347124810905E-5	6.245502976713213E-6	9.014548709687925E-6	0.004569476577328315	2.4040093509852863E-5	3.5430080375734443E-6	1.929165503621416E-5	0.6612660458552032	5.343699128218644E-6	3.1680560552747986E-5
7	7	1.445656800068116E-5	0.9995938734229792	2.5594986388429655E-5	1.2545064273646822E-5	1.8107123378631277E-5	5.0399921918910214E-5	4.828826747022019E-5	7.11668279066247E-6	3.875029013302833E-5	1.1649868763634265E-4	1.0733650960136539E-5	6.363533407016954E-5
8	8	5.546915958837631E-5	0.38551995220426666	9.82067379045448E-5	4.81348112642341E-5	6.947616587342124E-5	1.9338208847563348E-4	1.852797714108659E-4	2.730637129341541E-5	1.486830088153395E-4	0.6133687594445314	4.1184505066879565E-5	2.441657315091354E-4
9	9	2.3977292808240102E-5	0.9993264088783744	4.2451187794321696E-5	2.0806921765473584E-5	3.0032010304514552E-5	8.35920175040998E-5	8.00896816091849E-5	1.1803547500834032E-5	6.427023709085718E-5	1.9322173458463128E-4	1.7802558114797016E-5	1.055439325487723E-4
10	10	1.5443347436927818E-5	0.9995661519503103	2.734205431201466E-5	1.3401367889487318E-5	1.9343083185881002E-5	5.3840130309703545E-5	5.158433811086923E-5	7.602454810120014E-6	4.139531552564311E-5	1.2445067937489699E-4	1.1466310747910016E-5	6.797896798633629E-5
11	11	1.6750004962799493E-5	0.9942413357780367	2.96554582670508E-5	1.453525406806941E-5	2.097969631795085E-5	5.839552943870747E-5	5.5948875260924116E-5	8.245696492877803E-6	4.489776218031569E-5	0.005423088822302229	1.2436472255570847E-5	7.373065041678778E-5
12	12	1.6750004962799493E-5	0.9995294441820284	2.96554582670508E-5	1.453525406806941E-5	2.097969631795085E-5	5.839552943870747E-5	5.5948875260924116E-5	8.245696492877803E-6	4.489776218031569E-5	1.3498041831065465E-4	1.2436472255570847E-5	7.373065041678778E-5
13	13	3.1329123452422775E-5	0.8408662610233556	5.546741718286186E-5	2.7186664727696176E-5	3.924031648940889E-5	1.0922269903310442E-4	1.0464648959606858E-4	1.5422708467866772E-5	8.397654431796281E-5	2.524666827446353E-4	2.326111398012926E-5	0.1583915192166523
14	14	1.8620924880457957E-5	0.36456944950016623	3.2967874452140795E-5	1.6158793667285874E-5	2.3323058710669803E-5	6.491811611087458E-5	6.219817878822033E-5	9.1667134022909E-6	4.9912693083799214E-5	1.500572826860469E-4	1.382558489762857E-5	0.6349894012791545
15	15	4.0042270138674004E-5	0.9988750974569623	7.089382204081179E-5	3.4747725222800146E-5	5.015369662614878E-5	1.3959933563415539E-4	1.3375040676874314E-4	1.971201842522596E-5	1.0733180830924767E-4	3.226818371355937E-4	2.9730413975140827E-5	1.7625920876119654E-4
16	16	1.5075829885762485E-5	0.9995764765754248	2.669137382414628E-5	1.3082444940358235E-5	1.888276053928538E-5	5.255885415330951E-5	5.03567448252543E-5	7.4215331811745066E-6	4.04101984677103E-5	1.2148902814536131E-4	1.119343788377332E-5	6.636121872911599E-5
17	17	1.4863597416870663E-5	0.9995824387959269	2.6315621629558112E-5	1.2898274675114284E-5	1.861693537946912E-5	5.181894825999504E-5	4.964783948733242E-5	7.3170553300751955E-6	3.9841317268187735E-5	1.1977874641746065E-4	1.1035860425320834E-5	6.542700778376358E-5
18	18	2.3619699064570342E-5	0.9993364547151923	4.181807715551836E-5	2.049661045936139E-5	2.9584117413494366E-5	8.234533871015663E-5	7.889523612674474E-5	1.1627511166241807E-5	6.331172042796001E-5	1.903400546559974E-4	1.753705343693026E-5	1.0396986619092336E-4
19	19	3.476797167878135E-5	0.9990232676713314	6.155581060662442E-5	3.017081504781033E-5	4.3547538584731116E-5	1.2121155296380838E-4	1.161330348768068E-4	1.7115585504178098E-5	9.319424844307508E-5	2.801787445100877E-4	2.5814375346511543E-5	1.5304265110620987E-4
20	20	3.9542388710911286E-5	0.9988891405640928	7.000879467201909E-5	3.431394006437318E-5	4.952758573407817E-5	1.378565993964282E-4	1.3208068764273314E-4	1.946593667510635E-5	1.059918948279148E-4	3.186535276291193E-4	2.935926414436447E-5	1.740588164101451E-4
21	21	1.2564223486768827E-5	0.9996470348233851	2.224463849994578E-5	1.0902932921738498E-5	1.573692627606363E-5	4.3802642693276174E-5	4.196740085586905E-5	6.185118975825512E-6	3.367793140014703E-5	1.012491725082547E-4	9.328631075215913E-6	5.530555792184789E-5
22	22	8.581562788538328E-6	0.9997589192178508	1.5193438909825886E-5	7.446875132844578E-6	1.0748568829490727E-5	2.9917895759503798E-5	2.8664396641436775E-5	4.224533804378921E-6	2.3002558272128722E-5	6.91547815972977E-5	6.371602143767894E-6	3.7774568270079154E-5
23	23	3.33056508020143E-5	0.9990643484708793	5.8966808643322636E-5	2.890184793287172E-5	4.1715954177317016E-5	1.1611346481411898E-4	1.1124854627472038E-4	1.6395713829405482E-5	8.927455199509118E-5	2.6839458778363923E-4	2.472863757789324E-5	1.4660576529026308E-4
24	24	1.419737770303363E-5	0.9996011548239574	2.5136096550953086E-5	1.232014512665836E-5	1.778248265492515E-5	4.94963069832658E-5	4.742251216661699E-5	6.989088528269907E-6	3.805554022883014E-5	1.1440999483438666E-4	1.0541208453237847E-5	6.249442281254809E-5
25	25	3.365957640439072E-5	0.8821618804687764	5.959342493115212E-5	2.9208976113619196E-5	4.215925265236201E-5	1.1734735536988813E-4	1.1243073932021405E-4	1.6569944410514944E-5	9.022323634236828E-5	0.1171637719218103	2.4991418749855048E-5	1.4816368511896298E-4
26	26	2.1980620686860768E-5	0.9993825011413549	3.891613052717136E-5	1.9074257408696633E-5	2.7531140910977613E-5	7.663102102067154E-5	7.342033675202695E-5	1.0820625266169048E-5	5.891823210597193E-5	1.7713149229684868E-4	1.632007751278198E-5	9.675492415711383E-5
27	27	3.582708407578464E-6	0.9998993514157741	6.343094219967188E-6	3.1089887478611083E-6	4.4874096786060285E-6	1.2490393570013975E-5	1.19670714269669E-5	1.763696561104547E-6	9.603315963316049E-6	2.887136335864197E-5	2.660074060252882E-6	1.57704682315691E-5
28	28	5.9193874784813495E-6	0.5774855361726784	1.0480125153662503E-5	5.136703011023765E-6	7.414144172651259E-6	2.0636756020459205E-5	1.9772117822661068E-5	2.9139974990873514E-6	1.5866696866791584E-5	0.16263305950435694	4.395001572214639E-6	0.2597888693933677
29	29	1.261768511010581E-4	5.797039478275344E-4	2.2339290945916978E-4	1.0949325641013526E-4	1.5803887965016295E-4	4.3989025909660254E-4	0.6377818599920455	0.35857733950695275	3.382123328308309E-4	0.0010167999460637465	9.368325033327855E-5	5.554088682292747E-4
30	30	4.217491379644249E-5	1.9376742892007894E-4	7.466961345889825E-5	3.659838242983783E-5	5.2824872926917404E-5	1.4703436958047835E-4	0.9987622918613864	2.0761876760699588E-5	1.130482799147489E-4	3.3986781013515296E-4	3.131385014365311E-5	1.8564674054663354E-4
31	31	5.059043734619073E-6	2.324315117708811E-5	8.956908411453148E-6	4.390117267874101E-6	6.3365474486283955E-6	1.7637340286929745E-5	0.9998515321303522	2.4904672728462206E-6	1.3560577621391973E-5	4.0768455953737704E-5	3.75621721814667E-6	2.226904325514286E-5
32	32	2.2608174316226012E-5	1.0387046268726691E-4	4.002719828549797E-5	0.15704634754507912	2.8317163637332092E-5	7.881886075680024E-5	0.7066957957127608	1.1129557518561937E-5	6.0600366151257937E-5	1.8218865207633646E-4	1.678602085535513E-5	0.13571351028587553
33	33	6.46288985451923E-6	2.9692948669630407E-5	1.14423823032234E-5	5.608341386048439E-6	8.094891123036265E-6	2.2531567936659556E-5	0.9998103334268682	3.181552980170462E-6	1.7323534669405992E-5	5.208139209487674E-5	4.798538898647898E-6	2.844853321560571E-5
34	34	2.41601810313099E-5	1.1100096572279104E-4	4.277498674714749E-5	2.096562779536917E-5	3.026108124441311E-5	8.422962057573974E-5	0.9992909706268245	1.1893579759505269E-5	6.476046213635448E-5	1.946955448258151E-4	1.793834818274802E-5	1.0634897515445837E-4
35	35	1.0148828205031291E-5	4.662753686544276E-5	1.7968242514685893E-5	0.19225270358127733	0.19225660826891275	3.53818519774479E-5	0.6152143687703121	4.996067602541139E-6	2.72035546359754E-5	8.178463705058739E-5	7.535258686713346E-6	4.4673401959406654E-5
36	36	2.3102869965480023E-5	1.0614328070692067E-4	4.090304436518128E-5	2.004811851671819E-5	2.8936779244265382E-5	8.054351781889492E-5	0.9993219995583248	1.1373086412383469E-5	6.192637934714485E-5	1.8617517183087192E-4	1.7153320371418728E-5	1.0169487309600295E-4
37	37	2.637295510388156E-5	1.2116728271617373E-4	4.6692647028998155E-5	2.28858202616698E-5	3.303262239714062E-5	9.194401312565518E-5	0.999226032296618	1.2982884714952017E-5	7.069172032342588E-5	2.1252725118089036E-4	1.958127923993289E-5	1.1608922728921626E-4
38	38	0.5371168294488585	3.721560884990365E-4	1.43412912218907E-4	7.029205541091288E-5	1.0145718603743664E-4	2.823990397300579E-4	0.46058699017088733	3.9875942454435586E-5	2.1712423960566635E-4	6.527612794965716E-4	6.0142409125496415E-5	3.5655922767560287E-4
39	39	1.0994259954929665E-5	5.0511768551033766E-5	1.9465057950408643E-5	9.540556082832068E-6	1.377051741819197E-5	3.8329280037872616E-5	0.9996773512071674	5.412256948788321E-6	2.9469702838971588E-5	8.859757421137247E-5	8.162971247094138E-6	4.839484759130049E-5
40	40	2.0421746961699474E-5	9.382519243367664E-5	3.6156184198630304E-5	1.7721504039036127E-5	2.5578622244592052E-5	7.119632074977265E-5	0.999400682535092	1.0053222531844514E-5	5.473972935705471E-5	1.6456926154031568E-4	1.516265159703069E-5	8.989302925445266E-5
41	41	1.5755860619711494E-4	0.19969385194667333	2.7895350963002375E-4	1.367255936205525E-4	1.97345118263333E-4	5.492964477884902E-4	0.7964061556558175	7.756298875299728E-5	4.223299543021611E-4	0.001269690762490126	1.1698344203172932E-4	6.935459744326093E-4
42	42	1.4884074570751833E-6	6.838304105016532E-6	2.63518759103001E-6	1.29160442599541E-6	1.8642583399922668E-6	5.189033774584562E-6	4.971623789860101E-6	7.327135828338754E-7	3.98962055137213E-6	1.1994376217732646E-5	0.999952453155694	6.551714470477921E-6
43	43	1.7074438762351608E-6	7.844639861512365E-6	3.0229860067193935E-6	1.481678996702779E-6	2.1386055755156933E-6	5.952660274493835E-6	5.703255889098169E-6	8.405408842162432E-7	4.576739485253865E-6	1.3759487783319919E-5	1.2677356479537366E-6	0.9999517042257189
44	44	3.439048376635021E-5	1.580028272466911E-4	6.088747784742343E-5	2.9843240057414938E-5	4.307472787308706E-5	1.1989551714459004E-4	0.4344087284710378	0.5645989429882384	9.218240620446569E-5	2.7713674682469387E-4	2.5534099731060104E-5	1.5138101402790226E-4
45	45	1.711196465929397E-5	7.861880671069289E-5	3.029629871441699E-5	1.484935404371916E-5	2.1433057647016544E-5	5.9657429250630634E-5	0.9994978147903586	8.423882099782172E-6	4.58679816165583E-5	1.3789728140131826E-4	1.2705218547472604E-5	7.532393495052207E-5
46	46	1.9420088878060155E-5	8.922319816617026E-5	0.079738356629261	1.6852289088511143E-5	2.4324026651585062E-5	6.770424094200028E-5	6.486757064297915E-5	0.9196707969174313	5.205482230627421E-5	1.5649736977466175E-4	1.4418944774590047E-5	8.548390208308872E-5
47	47	5.747531931561117E-6	2.6406325105721818E-5	1.0175859273683782E-5	0.9998171165420036	7.198891867177361E-6	2.003761615920699E-5	1.9198080705723346E-5	2.829396408898485E-6	1.5406044497306967E-5	4.631665877705515E-5	4.267402998603099E-6	2.5299650271532316E-5
48	48	1.370995816285314E-4	6.298870832646455E-4	2.42731326375411E-4	1.1897174096500475E-4	1.7171980511485017E-4	0.216895055236787	0.7795594504404656	6.749141519182295E-5	3.674903037133068E-4	0.0011048210982345867	1.0179311271610706E-4	6.034888555431E-4
49	49	1.9539889403765714E-5	8.977360687503639E-5	3.4594877795147483E-5	1.6956249122104325E-5	2.4474079063725568E-5	6.812190142276723E-5	0.9994265624285713	9.619101480010697E-6	5.237594313723222E-5	1.574627859109248E-4	1.4507893758035063E-5	8.601124346001137E-5
50	50	3.972214755595164E-7	1.8249849757250688E-6	7.032705314054294E-7	3.44699304947908E-7	4.975273706912482E-7	1.384832925198473E-6	1.326811235960685E-6	0.9999872114655192	1.064737316925817E-6	3.2010211968341874E-6	2.9492730725061183E-7	1.7485008403021038E-6
51	51	1.4745495826118544E-6	6.774635813528927E-6	2.610652576340164E-6	0.9999530806040112	1.8469010915318258E-6	5.140721077485158E-6	4.925335296725185E-6	7.258916250425318E-7	3.952475036886549E-6	1.188270211995709E-5	1.0948172859855061E-6	6.490714482725996E-6
52	52	1.7393869640361396E-5	7.991398430476792E-5	3.079540432184133E-5	1.5093984450215738E-5	2.178614893901601E-5	6.064023436963818E-5	0.9994895417185732	8.562658352020605E-6	4.662361738057877E-5	1.40169021162163E-4	1.2914526155651743E-5	7.656483235061213E-5
53	53	6.990643238488042E-6	3.2117646365731776E-5	1.237675626241572E-5	6.066313162075184E-6	8.75591216458383E-6	2.4371474153903892E-5	0.9997948454365034	3.441355543630044E-6	1.8738157887483438E-5	5.633430859795745E-5	5.190382980610176E-6	3.077161313982669E-5
54	54	1.1228094527066179E-5	5.158609259243444E-5	1.9879056120008533E-5	9.743472137093014E-6	1.4063399618702203E-5	3.914449732713981E-5	3.7504422327508196E-5	5.527369088495853E-6	0.15600120044228755	9.048193713738826E-5	8.336587743043104E-6	0.8437113046290936
55	55	0.5504646104708473	7.026736193192492E-5	2.707801194181835E-5	1.327195080542213E-5	1.915628692423141E-5	0.18353642561583997	5.1086187871521026E-5	7.529037861837078E-6	0.2656086481422657	1.2324885847366906E-4	1.1355580521397548E-5	6.732249471531642E-5
56	56	0.8162155054235319	3.98588830246332E-5	1.5359895132738646E-5	7.528461580420617E-6	1.086632796089565E-5	0.18353983493011178	2.8978437934216187E-5	4.270816936513636E-6	2.3254569616633024E-5	6.991242730274747E-5	6.4414081194294374E-6	3.818841874815171E-5
57	57	7.936499890860543E-6	3.646326785394053E-5	1.4051371436759942E-5	6.887104963912962E-6	9.94061541518944E-6	0.999768246635682	2.650973796057196E-5	3.906982085147769E-6	2.1273491287635005E-5	6.395652285298042E-5	5.892658594325082E-6	3.493511197671386E-5
58	58	6.39762179057382E-6	2.9393082616499076E-5	0.13533655695698246	5.551703319726401E-6	8.013141645118114E-6	0.8644879532134123	2.1369530595503825E-5	3.1494228018710017E-6	1.714858606374893E-5	5.155542744034415E-5	4.750078944860742E-6	2.816123438692911E-5
59	59	2.7256479941817568E-6	1.2522652838672044E-5	0.9999157317456685	2.3652522004348174E-6	3.413925387757489E-6	9.502424508965206E-6	9.104292205903665E-6	1.3417826535788455E-6	7.305997562497076E-6	2.1964716263627916E-5	2.0237274993874592E-6	1.1997835216440802E-5
60	60	4.636903491577893E-6	2.1303680003949958E-5	0.9998566418834813	4.0237940519355064E-6	5.807808852893094E-6	1.6165633081796217E-5	1.5488325861598763E-5	2.282655971937479E-6	1.2429046479705919E-5	3.736662612037289E-5	3.4427883306805894E-6	2.041085427217523E-5
61	61	2.1101043973351892E-6	9.694613859746193E-6	0.9999347623704895	1.8310981754056337E-6	2.6429454530660666E-6	7.356455339983301E-6	7.048234790152712E-6	1.038762702898017E-6	5.656055960437137E-6	1.700433969207924E-5	1.5667013145428438E-6	9.288317824882897E-6
62	62	1.2823289090220977E-6	5.8915016858211285E-6	0.9999603545216137	1.1127743862083758E-6	1.6061410817944292E-6	4.4705822907643E-6	4.283273965213397E-6	6.312651853729427E-7	3.4372347066215623E-6	1.0333686045829033E-5	9.52098099970017E-7	5.644592029699744E-6
63	63	1.9783137698474163E-6	9.089118110132503E-6	3.502554272141339E-6	1.7167334179873823E-6	2.477875212884863E-6	0.9999422313515852	6.608023733842675E-6	9.738847809341977E-7	5.302796109847119E-6	1.594230096031578E-5	1.4688499714575087E-6	8.708198075360982E-6
64	64	2.1888448845158645E-6	1.0056377296336804E-5	3.875294262298475E-6	1.8994272886898718E-6	2.741569394530378E-6	0.9999360836422941	7.31124615671888E-6	1.0775250889650757E-6	5.86711689297129E-6	1.7638872274083675E-5	1.625164215681527E-6	9.634919951082842E-6
65	65	6.308430320511408E-6	2.8983303430725055E-5	1.1168915622175236E-5	5.474305093221929E-6	7.901427650989944E-6	0.19121761916223212	2.1071610538528136E-5	3.105515603424099E-6	0.8086150781689414	5.08366752987475E-5	4.683856442519502E-6	2.7768628825680846E-5
66	66	1.6929050268795518E-5	7.777842915045806E-5	0.42225609134414865	1.4690625306354256E-5	2.1203953931921336E-5	0.1497087833924204	5.654692782947401E-5	8.33383695940283E-6	0.42761613099348433	1.3642326028912434E-4	1.2569409050840764E-5	7.451877716030091E-5
67	67	1.2715536755969217E-5	5.841996207590935E-5	0.4937931019985383	1.1034238961144607E-5	1.592644899225093E-5	4.433016602748906E-5	0.1525894842010743	6.259607508571773E-6	0.35330084671453166	1.024685350348917E-4	9.440977506067112E-6	5.597161299345013E-5
68	68	1.7986493843046318E-5	8.263672295989128E-5	3.184463041758272E-5	1.5608249572646648E-5	2.252842190135903E-5	0.9994747772295428	6.007903296989754E-5	8.854395537802122E-6	4.821212440332535E-5	1.4494470110715924E-4	1.3354535246457353E-5	7.917346249810954E-5
69	69	8.078185680659168E-6	0.15815861593689048	1.43022225281918E-5	7.0100565067412745E-6	1.011807953231334E-5	0.6962728398621149	2.6983001138540826E-5	3.976731200006413E-6	2.1653274750913793E-5	6.509830204756386E-5	5.99785685532576E-6	0.1454053264907544
70	70	5.278231139998675E-6	2.4250180621109195E-5	0.25496534960094647	4.58032286081507E-6	6.611083797232263E-6	0.12832959336417493	0.03167883369689874	2.5983689017612905E-6	0.5849132175392259	4.253478424631278E-5	3.918958548183768E-6	2.323386863863965E-5
71	71	0.32716107058000576	5.2898698940166846E-5	0.15996016819610684	9.991394449743183E-6	1.4421242337204851E-5	4.0140527712234986E-5	3.8458721060774616E-5	5.668012804412487E-6	0.5125651679247274	9.27842469087447E-5	8.548711930784963E-6	5.068174301600592E-5
72	72	3.5112213235186945E-6	1.6131872409066156E-5	6.216528153707747E-6	3.046953964486303E-6	4.397870761002083E-6	0.2660570911427963	0.5731166759416992	1.7285048820795647E-6	0.16074484189048968	2.8295282543643585E-5	2.6069966349317863E-6	1.5455794342466837E-5
73	73	4.563418866110122E-6	2.096606397441237E-5	8.079417172684987E-6	3.960025849857764E-6	5.7157679770977634E-6	0.9998667438178597	1.5242870283942331E-5	2.2464809427452028E-6	1.2232073688026808E-5	3.677444805791435E-5	3.3882277793332534E-6	2.008738754823061E-5
74	74	6.0206498415364466E-6	2.7661131587683354E-5	1.0659407594967612E-5	5.22457607003526E-6	7.540977187331092E-6	0.9998241912838979	2.011035744299424E-5	2.9638469596551754E-6	1.6138126845729613E-5	4.851758766146309E-5	4.47018641970962E-6	2.650186849103003E-5
75	75	5.2002409832813825E-6	2.3891864485097116E-5	9.206894553214128E-6	4.5126448663779306E-6	6.513399658788597E-6	0.9998481480048241	1.7370002859493378E-5	2.5599758885561595E-6	1.3939051568416746E-5	4.190629822489406E-5	3.861052749207806E-6	2.2890569338511434E-5
76	76	6.529503364519956E-6	2.999899620837538E-5	1.1560319830420297E-5	5.666146998308068E-6	8.178325797449307E-6	0.9998093322758316	2.181004543393606E-5	3.214345494979333E-6	1.7502089692920974E-5	5.261819906687516E-5	4.847997813484647E-6	2.8741754467169916E-5
77	77	5.404309949240006E-6	2.482943412772948E-5	9.568193473245892E-6	4.689731038842027E-6	6.7689998776087475E-6	0.9998421889964371	1.8051640216998763E-5	2.6604350084577564E-6	1.4486050803482159E-5	4.3550794119103864E-5	4.012569004815128E-6	2.3788845943409577E-5
78	78	3.5908315093681864E-6	1.649763156870211E-5	6.35747596532542E-6	3.1160377814940316E-6	4.497584016409908E-6	1.251871313354538E-5	1.1994204458256998E-5	1.7676954036175827E-6	0.14058269263190276	2.89368236185041E-5	0.8593122241459089	1.5806224733115707E-5
79	79	2.392173335348186E-6	1.0990544733743754E-5	4.235282119111278E-6	2.0758708598218534E-6	2.996242104224224E-6	8.339832061964282E-6	7.990410023110546E-6	1.1776196679012564E-6	0.9999282185567977	1.927740070489658E-5	1.7761306567757476E-6	1.0529936935340461E-5
80	80	1.2761293501871527E-6	5.863018578975101E-6	2.2593545955289505E-6	1.107394557188862E-6	1.5983760177272076E-6	4.448968773558957E-6	4.262566010517297E-6	6.282132650507559E-7	0.9999617074544243	1.0283726714668182E-5	9.47495077963826E-7	5.617302634489842E-6
81	81	2.4534457084579678E-5	0.1317899810889933	4.343763299129782E-5	2.129041561113118E-5	3.0729869042035874E-5	0.2556943343659901	8.195073864564538E-5	1.2077828465500813E-5	0.6119777392302789	1.977116596476445E-4	1.8216239070706072E-5	1.0799647417934206E-4
82	82	8.62831560858994E-6	3.9641729665573956E-5	1.5276213590011757E-5	7.487446112934324E-6	1.0807127616122075E-5	0.70010505845198	2.8820561830818714E-5	4.247549293937755E-6	0.29966611438255203	6.953154060255083E-5	6.406314978225728E-6	3.7980366169177105E-5
83	83	2.4920511757513538E-5	1.1449421127289441E-4	4.412113298233762E-5	2.162542463158948E-5	3.1213409782367965E-5	0.24398253331334893	8.324025018834904E-5	1.226787555323241E-5	0.755356562481686	2.0082269282997056E-4	1.8502875297963226E-5	1.0969582066879507E-4
84	84	5.685631065138822E-6	2.6121929225448902E-5	1.0066265362221808E-5	4.933854781096649E-6	7.121359867500822E-6	0.7969991461184611	0.202853819350702	2.7989238354098197E-6	1.5240121538743306E-5	4.58178287849429E-5	4.221443107273729E-6	2.5027173269118596E-5
85	85	6.611274875710306E-6	3.0374685310165557E-5	1.1705094213647333E-5	0.9997896326935748	8.280746153505532E-6	2.3048882522086314E-5	2.20831811189491E-5	3.2545999942787106E-6	1.7721275172012064E-5	5.3277157246940266E-5	4.908711176404446E-6	2.9101698641456327E-5
86	86	2.7782434418390394E-6	1.2764296122512304E-5	4.9188094348716566E-6	2.410893273152128E-6	3.4798021753767836E-6	9.685787977742324E-6	9.279973117449972E-6	1.3676743532680202E-6	0.999916633832141	2.238855825900543E-5	2.062778343074481E-6	1.22293513606656E-5
87	87	0.9997789735265649	3.204691878095855E-5	1.2349500900431862E-5	6.0529542853522196E-6	8.736630411717023E-6	2.4317804732283138E-5	2.329893806364185E-5	3.4337771936110146E-6	1.869689382238385E-5	5.621025250923813E-5	5.178953025622618E-6	3.0703849709960976E-5
88	88	1.829821180476415E-5	8.406887260889345E-5	3.239651914987527E-5	0.1790994529331	2.2918854512466608E-5	0.41599983630348103	6.112024277225127E-5	9.007848131363274E-6	4.904767274755705E-5	1.4745668966842027E-4	1.3585978269374463E-5	0.4044628098737541
89	89	6.113614269202859E-6	2.8088245160858383E-5	1.0823998752469023E-5	5.305248378994274E-6	0.3397080988129466	0.5153623244157164	2.04208800475405E-5	3.009611510583596E-6	0.14477509813670572	4.926674429528451E-5	4.539210251523168E-6	2.6911081964858366E-5
90	90	2.911014500974778E-6	1.3374296344158232E-5	0.999910000810503	2.526108825727229E-6	3.6461004246409998E-6	1.0148667619246238E-5	9.723459041325466E-6	1.4330349223605475E-6	7.802865554875148E-6	2.345849782866484E-5	2.1613576328688167E-6	1.2813786802227863E-5
91	91	1.0381673088693284E-5	4.769731390546567E-5	1.8380488465983838E-5	9.008967837975808E-6	1.3003240844211993E-5	0.688327134084028	3.467717973391662E-5	5.11069253816715E-6	0.19340480619826933	8.366102454229227E-5	7.708140362984207E-6	0.11803843099638298
92	92	1.6767133785817702E-6	7.703452388113563E-6	0.29591051902890575	1.4550118051394167E-6	2.1001150491009548E-6	5.8455245641241834E-6	5.600608947575812E-6	8.254128674014588E-7	4.494367535013315E-6	1.3511845144564785E-5	0.7040388873145587	7.380604855934425E-6
93	93	3.065990059487842E-6	1.408631239387598E-5	5.428257511461533E-6	2.660592912289067E-6	3.840210227087619E-6	1.0688958789877462E-5	1.024111310835389E-5	1.5093263277751148E-6	8.218271746415656E-6	2.4707373023775496E-5	0.9999020576312561	1.3495962643563458E-5
94	94	2.9572166138754927E-6	1.3586566241629885E-5	5.235676889301454E-6	2.566201915310486E-6	3.7039694402059164E-6	1.0309742009971267E-5	9.877784741957448E-6	1.4557793096699884E-6	0.9999112634217308	2.383081894379436E-5	2.1956615806297046E-6	1.3017160582854505E-5
95	95	0.6282228666826538	9.262673535977187E-6	0.3717168184182983	1.749514199996194E-6	2.5251898899031756E-6	7.028690898065879E-6	6.734203013198758E-6	9.924809731973681E-7	5.4040522521769304E-6	1.624671694419734E-5	1.496897454085561E-6	8.874479886973075E-6
96	96	0.9999288216073271	1.0320248671992992E-5	3.976978914527833E-6	1.9492667564083383E-6	2.8135060041338338E-6	7.83119880290168E-6	7.5030874654013995E-6	1.1057984939051273E-6	6.021065393516107E-6	1.810170231265847E-5	1.667807237579214E-6	9.88773261979164E-6
97	97	8.536882144687508E-5	3.922164991619637E-4	1.5114332964961645E-4	7.408102337747563E-5	1.0692605482532764E-4	0.32371692755633796	0.1889464135381297	4.2025384062212214E-5	0.48535778738429425	6.879472128622511E-4	6.338427849858974E-5	3.7577891735386876E-4
98	98	2.531890995594888E-5	1.1632460255643792E-4	4.482648687170106E-5	2.197114506853143E-5	3.171241102059776E-5	8.826929633586731E-5	8.457099194979569E-5	1.2463999114682274E-5	6.786639170505826E-5	0.7435882946237385	1.8798676293396632E-5	0.25589958246538946
99	99	5.964734909219232E-5	2.74042373418376E-4	1.0560411627771136E-4	5.176054427848608E-5	7.4709426827289E-5	2.0794850733416305E-4	1.992358868797675E-4	2.9363211432550297E-5	1.59882489597778E-4	0.9985309619800257	4.428670939207999E-5	2.6255740544386735E-4
100	100	2.8254997790742714E-5	1.298140952339431E-4	5.002475579439704E-5	2.4519011934223595E-5	3.538991626752811E-5	9.850537709955195E-5	9.437820170220054E-5	1.3909377143877458E-5	7.573646539398326E-5	0.9993041154948104	2.0978650268235964E-5	1.2437365656088614E-4
101	101	1.9783980069650368E-5	9.089505127158307E-5	3.502703411818115E-5	1.716806516945221E-5	2.4779807214593563E-5	6.897287452379244E-5	6.608305105221165E-5	9.739262492028267E-6	5.303021904292081E-5	0.8246259155335885	1.4689125154733764E-5	0.17497391599630238
102	102	2.3102869965480023E-5	1.0614328070692067E-4	4.090304436518128E-5	2.004811851671819E-5	2.8936779244265382E-5	8.054351781889492E-5	7.716890787427912E-5	1.1373086412383469E-5	6.192637934714485E-5	0.9994310058222814	1.7153320371418728E-5	1.0169487309600295E-4
103	103	2.1980620686860768E-5	1.0098724509828811E-4	3.891613052717136E-5	1.9074257408696633E-5	2.7531140910977613E-5	7.663102102067154E-5	7.342033675202695E-5	1.0820625266169048E-5	5.891823210597193E-5	0.9994586453885533	1.632007751278198E-5	9.675492415711383E-5
104	104	1.9661177178334846E-5	9.033084856499289E-5	3.48096147188097E-5	1.7061499754723744E-5	2.4625994283045907E-5	6.854474689810513E-5	6.56728611052145E-5	9.678809055000364E-6	5.270105048317503E-5	0.9995157703195195	1.4597946987674039E-5	8.654513145147453E-5
105	105	2.228998132974841E-5	1.0240856433727273E-4	3.946384568636073E-5	1.9342713182472218E-5	2.7918620935904364E-5	7.770954479239843E-5	7.445367256643421E-5	1.0972917398246526E-5	5.974746174519691E-5	0.9994510262310685	1.654977028366667E-5	9.811667667385156E-5
106	106	1.9420088878060155E-5	8.922319816617026E-5	3.438277400781594E-5	1.6852289088511143E-5	2.4324026651585062E-5	6.770424094200028E-5	6.486757064297915E-5	9.560126048251174E-6	5.205482230627421E-5	0.9995217080164107	1.4418944774590047E-5	8.548390208308872E-5
107	107	3.9542388710911286E-5	1.8167261777587643E-4	7.000879467201909E-5	3.431394006437318E-5	4.952758573407817E-5	1.378565993964282E-4	1.3208068764273314E-4	1.946593667510635E-5	1.059918948279148E-4	0.999026121473946	2.935926414436447E-5	1.740588164101451E-4
108	108	1.8404532756609494E-5	8.455735108163773E-5	3.258475769412438E-5	1.597101375286483E-5	2.3052023504768683E-5	6.416370841567917E-5	6.14753792444869E-5	9.060187835243819E-6	4.933266208465509E-5	0.9995467198665019	1.3664918996302434E-5	8.101359813180005E-5
109	109	2.9031920301031244E-5	1.3338356968539865E-4	5.1400277361809344E-5	2.5193206724214787E-5	3.6363026327174873E-5	1.0121396145053626E-4	9.697330186557817E-5	1.4291840745085446E-5	7.781897714111042E-5	0.999284980885753	2.1555496380544035E-5	1.2779353626445864E-4
110	110	7.706113515533964E-5	3.540478612661064E-4	1.3643478212013545E-4	6.687181172449574E-5	9.652052146051324E-5	2.6865817631326506E-4	2.5740194393057166E-4	3.7935674245995314E-5	2.0655949220514991E-4	0.9981020826720967	5.721602300838965E-5	3.392099064733392E-4
111	111	3.0426297538741847E-5	1.3978986356900716E-4	5.386898683821187E-5	2.6403213972682435E-5	3.8109510048511175E-5	1.0607517774356023E-4	1.0163084306109456E-4	1.4978265108796044E-5	8.155655320436628E-5	0.9992506391554404	2.2590787645776542E-5	1.3393134582876005E-4
112	112	1.6152106337925255E-5	7.420885628478717E-5	2.8596893940815427E-5	1.4016411928094075E-5	2.0230817042592987E-5	5.631107592196231E-5	5.395175611641875E-5	7.951362813265688E-6	4.329511726605086E-5	0.9996021942521469	1.1992547034270515E-5	7.109880316699971E-5
113	113	1.7204912165870886E-5	7.904584254201355E-5	3.0460859913559314E-5	1.4930011668961034E-5	2.1549476147537905E-5	5.9981472071431066E-5	5.746837011578913E-5	8.469638320792565E-6	4.611712393351952E-5	0.9995762649893641	1.2774229815787782E-5	7.57330739406152E-5
114	114	2.704858683757432E-5	1.242713892133755E-4	4.7888835849653413E-5	2.347211733605784E-5	3.387886385361334E-5	9.429946751997952E-5	9.034851119869696E-5	1.3315484868167506E-5	7.250272593018136E-5	0.999333827855626	2.0082919408381468E-5	1.1906324235834752E-4
115	115	2.110200231920344E-5	9.695054159903215E-5	3.736055902778408E-5	1.831181338368679E-5	2.6430654876868184E-5	7.35678944802393E-5	7.048554899744465E-5	1.0388098803707677E-5	5.6563128414603055E-5	0.9994802846366806	1.5667724693969497E-5	9.288739672297962E-5
116	116	2.9300476920647506E-5	1.3461741988254832E-4	5.187575003438814E-5	2.5426253741600976E-5	3.669939854534662E-5	1.0215023018726744E-4	9.787034284226899E-5	1.4424045862721354E-5	7.853883312122861E-5	0.999278366679242	2.1754893154236055E-5	1.2897567646573125E-4
117	117	2.9031920301031244E-5	1.3338356968539865E-4	5.1400277361809344E-5	2.5193206724214787E-5	3.6363026327174873E-5	1.0121396145053626E-4	9.697330186557817E-5	1.4291840745085446E-5	7.781897714111042E-5	0.742648020005554	0.25665851637657966	1.2779353626445864E-4
118	118	9.866468088336597E-5	4.533026820697975E-4	1.7468331101195804E-4	8.561885249406076E-5	1.235793688919952E-4	3.4397460119452535E-4	3.2956276345363656E-4	4.8570672960260736E-5	2.6446698897919204E-4	0.8729731496052958	0.12467012146146228	4.343050113030861E-4
119	119	2.4920511757513538E-5	1.1449421127289441E-4	4.412113298233762E-5	2.162542463158948E-5	3.1213409782367965E-5	8.68803610026105E-5	8.324025018834904E-5	1.226787555323241E-5	6.67985002264502E-5	0.9993862396266359	1.8502875297963226E-5	1.0969582066879507E-4
120	120	2.5730253296664404E-5	1.1821446869626075E-4	4.555475980661127E-5	2.232809899062205E-5	3.222762629305824E-5	8.970336230871434E-5	8.594497346862016E-5	1.2666495313903684E-5	6.89689821536533E-5	0.9993662967268176	1.9104088742866583E-5	1.132601641113003E-4
121	121	2.7518573906369564E-5	1.2643068671391527E-4	4.872093601533488E-5	2.387996088409368E-5	3.446753149870281E-5	9.593798307699566E-5	9.191837627901617E-5	1.3546850216026792E-5	7.376250869976603E-5	0.9993222526744407	2.043187340299403E-5	1.2113204486597146E-4
122	122	1.966950051586886E-4	9.03690891105879E-4	3.4824350976466373E-4	1.706872254815096E-4	2.4636419419886353E-4	6.857376454335808E-4	6.570066297001865E-4	9.68290646961401E-5	5.272336087830497E-4	0.9951556532634748	1.4604126863832008E-4	8.658176935644136E-4
123	123	1.261768511010581E-4	5.797039478275344E-4	2.2339290945916978E-4	1.0949325641013526E-4	1.5803887965016295E-4	4.3989025909660254E-4	4.214597499372575E-4	6.211437076687713E-5	3.382123328308309E-4	0.9968924253243578	9.368325033327855E-5	5.554088682292747E-4
124	124	4.05549520477178E-5	1.863247148812482E-4	7.180151233652733E-5	3.519261833301741E-5	5.0795840361827323E-5	1.4138669817994272E-4	1.3546288245106853E-4	1.9964401599365495E-5	1.0870603300216688E-4	0.9990011833323179	3.0111067852672015E-5	1.7851594663647905E-4
125	125	7.348550579347194E-5	0.7659360550295171	1.3010422117076204E-4	6.37689660033498E-5	9.204197841983136E-5	2.561924624148762E-4	2.4545851814707277E-4	3.617546255922483E-5	1.9697515135924375E-4	0.23259171090065991	5.4561204967808014E-5	3.2347059898743817E-4
126	126	3.9542388710911286E-5	1.8167261777587643E-4	7.000879467201909E-5	3.431394006437318E-5	4.952758573407817E-5	1.378565993964282E-4	1.3208068764273314E-4	1.946593667510635E-5	1.059918948279148E-4	0.999026121473946	2.935926414436447E-5	1.740588164101451E-4
127	127	7.523085813432011E-5	0.5941199900263799	1.3319432315104656E-4	6.528354105982714E-5	9.422806506041103E-5	2.622772829404387E-4	2.512883970409209E-4	3.703466503156621E-5	2.016535030668579E-4	0.4043728089106151	5.5857086730909656E-5	3.311533407885899E-4
128	128	2.4920511757513538E-5	1.1449421127289441E-4	4.412113298233762E-5	2.162542463158948E-5	3.1213409782367965E-5	8.68803610026105E-5	8.324025018834904E-5	1.226787555323241E-5	6.67985002264502E-5	0.6925497730091679	1.8502875297963226E-5	0.30694616243813677
129	129	3.5951850548030493E-5	1.6517633395135513E-4	6.365183806919738E-5	3.119815684195144E-5	4.503036913966218E-5	1.2533890895651654E-4	1.2008746302932203E-4	1.7698385680168506E-5	9.636759149819052E-5	0.9991145518426668	2.669337668078415E-5	1.582538829379789E-4
130	130	4.274404876424474E-5	0.08116417801742948	7.567725246100383E-5	3.709226415550901E-5	5.353772518068906E-5	1.490185443816624E-4	1.4277496978471876E-4	2.104205066025387E-5	1.1457382492143028E-4	0.9179794729081046	3.173641904751121E-5	1.8815197510890346E-4
131	131	0.16419407429759308	1.9906860690661578E-4	7.67124589120151E-5	3.7599657723426704E-5	5.427007997261384E-5	1.5105700314499684E-4	1.4472802126264128E-4	2.1329889685557087E-5	1.1614110648647941E-4	0.6843106058325641	3.217054878480459E-5	0.15066224249696367
132	132	4.650984869455745E-5	2.136837515425217E-4	8.234450557068808E-5	4.03601353518567E-5	5.825446043584785E-5	1.6214724978678036E-4	1.553536090762649E-4	2.2895879560437626E-5	1.2466791086739474E-4	0.9988545218341564	3.4532434120782996E-5	2.0472838083643015E-4
133	133	5.748242999619202E-5	2.6409592020031764E-4	1.0177118201616544E-4	4.988187921736718E-5	7.199782493296765E-5	2.004009515523183E-4	1.9200455836845525E-4	2.8297464536540403E-5	1.540795048865663E-4	0.7808124141285924	4.267930949382567E-5	0.21802489484620682
134	134	3.476797167878135E-5	1.5973714880555012E-4	6.155581060662442E-5	3.017081504781033E-5	4.3547538584731116E-5	1.2121155296380838E-4	1.161330348768068E-4	1.7115585504178098E-5	9.319424844307508E-5	0.9991437092670359	2.5814375346511543E-5	1.5304265110620987E-4
135	135	3.908768988221659E-4	0.001795835602049615	6.920376194705094E-4	3.3919363285786583E-4	4.895806689731788E-4	0.0013627138321913406	0.9885289269065672	1.924209742578013E-4	0.001047730916144386	0.0031498932345491847	2.9021661297066147E-4	0.0017205731011460258
136	136	2.2608174316226012E-5	1.0387046268726691E-4	4.002719828549797E-5	1.9618833452967748E-5	2.8317163637332092E-5	7.881886075680024E-5	7.551651044313181E-5	1.1129557518561937E-5	6.0600366151257937E-5	0.06442039585228704	1.678602085535513E-5	0.9351223109996086
137	137	7.706113515533964E-5	3.540478612661064E-4	1.3643478212013545E-4	6.687181172449574E-5	9.652052146051324E-5	2.6865817631326506E-4	2.5740194393057166E-4	3.7935674245995314E-5	2.0655949220514991E-4	0.9981020826720967	5.721602300838965E-5	3.392099064733392E-4
138	138	1.8620924880457957E-5	8.55515379501408E-5	3.2967874452140795E-5	1.6158793667285874E-5	2.3323058710669803E-5	6.491811611087458E-5	6.219817878822033E-5	9.1667134022909E-6	4.9912693083799214E-5	1.500572826860469E-4	1.382558489762857E-5	0.9994732992413705
139	139	7.718915767254003E-4	0.0035463604489871627	0.0013666144273453591	6.6982906605845E-4	9.668087207167361E-4	0.0026910450111666644	0.0025782956863046533	3.799869720171582E-4	0.002069026517769682	0.006220311465475029	5.731107662101765E-4	0.9781667193412236
140	140	1.7496499606667792E-4	8.038550500063293E-4	3.097710806996008E-4	1.5183044282650053E-4	0.4421217580393154	6.09980331423579E-4	5.844233934081506E-4	8.613181056647636E-5	4.6898713168910306E-4	0.0014099606782955279	1.2990726415376702E-4	0.5531484297815489
141	141	9.568419324827592E-5	4.3960919999732907E-4	1.6940643337077667E-4	8.303245654259755E-5	1.1984625205994227E-4	3.335837294411646E-4	3.19607248139896E-4	4.7103437786640814E-5	2.564779032852569E-4	7.710739464886216E-4	7.10431917645222E-5	0.997293532007875
142	142	5.645785233680437E-5	2.5938862477473113E-4	9.995719329874092E-5	4.899277520666733E-5	7.071452214017151E-5	1.9682896724521553E-4	1.88582232954969E-4	2.779308519865621E-5	1.513331627697361E-4	0.6955983131665455	4.191858544252231E-5	0.30325971983208616
143	143	4.791703055609315E-5	2.2014887468773468E-4	8.483588530828238E-5	4.158125414691536E-5	6.0016982189406395E-5	1.670531068300125E-4	1.60053920665148E-4	2.358860738746072E-5	1.2843980924617137E-4	0.15166397778690907	3.557723250850875E-5	0.8473668095095652
144	144	7.022698055675109E-5	3.226491826155163E-4	1.2433508501920136E-4	6.0941295664854705E-5	8.79606142612767E-5	2.448322683844679E-4	2.3457429319258664E-4	3.4571354967850576E-5	1.8824079626730364E-4	5.659262330546895E-4	5.214182904579734E-5	0.9980136000669697
145	145	1.851209647589366E-5	8.505153929578252E-5	3.2775196526552475E-5	1.606435497824203E-5	2.3186749086666897E-5	6.453870772761642E-5	6.183466684626353E-5	9.113139328979622E-6	4.96209826134177E-5	1.4918028571770005E-4	1.3744782447898686E-5	0.999476377498955
146	146	3.6786934728216984E-5	1.6901302500679048E-4	6.513033339561642E-5	3.1922822939316434E-5	4.6076327784996774E-5	1.282502622926011E-4	1.2287683656881596E-4	1.8109481122296102E-5	9.860600342737066E-5	0.186119246045341	2.7313406421731743E-5	0.8131366685209712
147	147	5.3592142984027495E-5	2.462224773345759E-4	9.488352769055066E-5	4.6505981105987084E-5	6.71251672659314E-5	1.8683824692933973E-4	1.7901010354553508E-4	2.638235310560434E-5	1.4365173597107928E-4	4.3187389461760606E-4	3.979086578288688E-5	0.9984841235036669
148	148	1.72988749177938E-5	7.947754279259933E-5	3.0627218578795285E-5	1.5011550299855044E-5	2.1667166261953977E-5	6.0309054341301595E-5	5.778222735333526E-5	8.515894327027349E-6	4.636898757768037E-5	1.394035033358724E-4	1.2843994879138013E-5	0.9995106939853348
149	149	3.295909070595902E-5	1.514264687406676E-4	5.8353232797320336E-5	2.8601111362512154E-5	4.128188113749957E-5	1.1490525261738092E-4	1.1009095571712511E-4	1.6225109141528614E-5	8.834561061218208E-5	2.6560182283585476E-4	2.4471325115655074E-5	0.9990677381392163
150	150	3.0136808730046528E-5	1.3845984301620262E-4	5.335645425663301E-5	2.61520025017847E-5	3.7746919869740384E-5	1.0506593313211753E-4	1.0066388375074811E-4	1.4835755488059344E-5	8.078058927387601E-5	2.4285837872671227E-4	2.237584922960094E-5	0.9991475675820245
151	151	2.2935583373335804E-5	1.0537470313474028E-4	4.0606867703563085E-5	1.9902951209341382E-5	2.8727249640599877E-5	7.99603067011696E-5	7.661013211883971E-5	1.1290734528356411E-5	6.147797389014781E-5	0.8835800187713322	1.70291141358653E-5	0.11595606561223191
152	152	2.2608174316226012E-5	1.0387046268726691E-4	4.002719828549797E-5	1.9618833452967748E-5	2.8317163637332092E-5	7.881886075680024E-5	7.551651044313181E-5	1.1129557518561937E-5	0.1713624862333798	0.8281413036770142	1.678602085535513E-5	9.951730765295621E-5
153	153	1.8519475160339784E-4	8.50854397495176E-4	3.278826029991515E-4	1.6070758024291907E-4	2.3195991027743896E-4	6.456443202953451E-4	6.185931335213518E-4	9.116771709542766E-5	4.96407609012571E-4	0.9954388898191505	1.3750260942060367E-4	8.151955488860847E-4
154	154	1.966950051586886E-4	9.03690891105879E-4	3.4824350976466373E-4	1.706872254815096E-4	2.4636419419886353E-4	6.857376454335808E-4	6.570066297001865E-4	9.68290646961401E-5	5.272336087830497E-4	0.9951556532634748	1.4604126863832008E-4	8.658176935644136E-4
155	155	1.2224785570817168E-5	5.6165266409064495E-5	2.1643672292884028E-5	1.0608376809089518E-5	1.5311773900808827E-5	4.261926054756392E-5	4.083360002055076E-5	6.018020396492043E-6	3.276808075477549E-5	0.9996989191462339	9.07660665888905E-6	5.381141040518638E-5
156	156	5.748242999619202E-5	2.6409592020031764E-4	1.0177118201616544E-4	4.988187921736718E-5	7.199782493296765E-5	2.004009515523183E-4	1.9200455836845525E-4	2.8297464536540403E-5	1.540795048865663E-4	0.998584281172087	4.267930949382567E-5	2.5302780271226625E-4
157	157	1.9783980069650368E-5	9.089505127158307E-5	3.502703411818115E-5	1.716806516945221E-5	2.4779807214593563E-5	6.897287452379244E-5	6.608305105221165E-5	9.739262492028267E-6	5.303021904292081E-5	0.9995127458411638	1.4689125154733764E-5	8.708568872712099E-5
158	158	7.898268976361699E-5	0.24971744442085322	1.3983684573863506E-4	6.853929089832358E-5	9.892730475577503E-5	2.753572906684521E-4	2.638203789892079E-4	3.888161761314866E-5	2.117101475040906E-4	0.7487001890220863	5.8642730679610043E-5	3.4766826044961086E-4
159	159	5.451449894229118E-5	2.5046012778821944E-4	9.651653548299032E-5	4.7306379567022504E-5	6.828043545506933E-5	1.900538557983148E-4	1.820909849285362E-4	2.6836410719744214E-5	0.2066740007928777	0.7921295008067374	4.047569270145692E-5	2.3996347900118132E-4
160	160	1.1686612136506085E-4	5.369269507950926E-4	2.069084989927321E-4	1.0141362762361161E-4	1.463770155018499E-4	4.074302691681336E-4	3.903597677137046E-4	5.753088248130625E-5	3.1325526981261606E-4	9.417691507097425E-4	8.67702594238421E-5	0.9966943921864122
161	161	8.312837792014577E-5	3.819230582812003E-4	1.4717668130209856E-4	7.21368200200141E-5	1.0411985716074834E-4	2.898104001048935E-4	2.776679324708609E-4	4.0922457981182857E-5	2.2282250964004017E-4	6.698925313794119E-4	6.172080354307633E-5	0.9976486785701962
162	162	3.8114926399580584E-5	1.7511431861059885E-4	6.748150891327025E-5	3.307522237958048E-5	4.7739662335634416E-5	1.3288003863665005E-4	1.2731263467954381E-4	1.8763225183354795E-5	1.0216563546155472E-4	0.9990612780473619	2.8299408014759465E-5	1.67775372023495E-4
163	163	4.6166285480206E-6	2.1210529281613978E-5	8.173623562760918E-6	4.006199940382971E-6	0.37604232255219416	1.609494856164249E-5	0.6238279755606404	2.2726750178210495E-6	1.23747002513868E-5	3.7203239878478256E-5	3.4277346770492297E-6	2.0321607446340675E-5
164	164	6.313374141105921E-7	2.9006017203425678E-6	1.1177668530944275E-6	5.478595222602058E-7	0.9999801540763695	2.201031141980674E-6	2.108812403821778E-6	3.1079493486216746E-7	1.6922763388563995E-6	5.087651522556438E-6	4.687527109351943E-7	2.7790390676425778E-6
165	165	2.0084192951860172E-6	9.227434225473114E-6	3.555855339948146E-6	1.742858273509582E-6	0.9999368658738427	7.001950646449317E-6	6.708583123859265E-6	9.887051362267524E-7	5.383492845159612E-6	1.6184907240892498E-5	1.4912025935280348E-6	8.840717436954243E-6
166	166	1.486312194083507E-6	6.828677678160792E-6	2.6314779811316156E-6	1.289786206837202E-6	0.5546440832893184	5.181729060825729E-6	4.964625128783851E-6	7.316821262617433E-7	3.984004277244783E-6	1.1977491477954033E-5	1.103550739590156E-6	0.4453157373738108
167	167	3.2617378624411813E-6	1.4985651481516801E-5	5.7748240237844895E-6	2.830458178330017E-6	0.8783862228605921	1.1371394204989933E-5	1.0894955864481999E-5	1.6056891035405924E-6	8.742966415094098E-6	2.6284812575866068E-5	2.4217612186554845E-6	0.12152560288847929
168	168	6.476013336097637E-7	2.9753242883773944E-6	1.1465617093967118E-6	5.619729629778721E-7	0.9999796428243874	2.2577320320408233E-6	2.163137641655068E-6	3.1880134108548555E-7	1.7358711671215468E-6	5.2187148065521505E-6	4.808282765286077E-7	2.850630053177413E-6
169	169	3.905155175493912E-6	0.0838543411140796	0.10356952495372378	3.3888003482449874E-6	0.8124782321491486	1.3614539489375874E-5	1.3044117913607126E-5	1.9224307339746554E-6	1.0467622471513024E-5	3.1469810327034476E-5	2.899482961443365E-6	1.7189823627343476E-5
