0	0	1.3382608806307456E-5	1.7790324431209922E-5	4.350369444193129E-6	4.343000450491698E-6	4.346774786202699E-6	4.337519379315936E-6	1.3204514326512934E-5	4.3547354923908485E-6	4.360306058404683E-6	0.1457954539794795	4.347817562445227E-6	1.3226613404621137E-5	0.005065437001019042	8.739362726302728E-6	0.849042325072633
1	1	5.0369572243602E-7	6.695936828494924E-7	1.6373956018378606E-7	0.34650339864162055	1.6360426415297427E-7	1.6325590839321612E-7	4.969925878708305E-7	1.6390388986217464E-7	1.6411355528042954E-7	3.917501050851902E-6	0.6534873018590969	4.978243547762216E-7	1.5656176417937082E-6	3.289328475312488E-7	5.007242166184328E-7
2	2	3.1152476465614036E-4	0.9944602848140538	1.012693292380165E-4	1.0109779138154796E-4	1.0118565160828854E-4	1.0097020120590985E-4	3.0737902284245177E-4	1.0137096354243035E-4	1.0150063700831269E-4	0.002422888538748386	1.0120992569626678E-4	3.0789345244331784E-4	9.683001972748304E-4	2.034377568649341E-4	3.0968695343546674E-4
3	3	9.014343045202982E-5	1.198332026508894E-4	2.930349613510547E-5	2.925385959705518E-5	2.927928300840879E-5	2.921693984803718E-5	8.89438102893541E-5	2.9332905241189164E-5	2.9370427815248856E-5	0.35602008947494723	2.928630700717135E-5	8.909266666999955E-5	2.80189286351203E-4	0.6430170532722744	8.961163771273472E-5
4	4	1.0088283595289048E-5	1.341097544670482E-5	3.2794622732015608E-6	3.273907265254463E-6	3.276752492936711E-6	3.2697754400455406E-6	9.954029680755148E-6	3.2827535546734166E-6	3.2869528442549333E-6	0.999885655054925	3.277538574530615E-6	9.970688747038615E-6	3.1357015890101814E-5	6.588040560782633E-6	1.0028768709500676E-5
5	5	4.628633039954455E-5	6.153126393039047E-5	1.5046590718477885E-5	1.5021103634299212E-5	1.5034157901392174E-5	1.5002146293839167E-5	0.1216771077016892	1.5061691537185573E-5	1.5080958412782152E-5	0.8778439334789029	1.5037764543893127E-5	4.574679025398941E-5	1.438699838405401E-4	3.0226769420358344E-5	4.601326852125059E-5
6	6	1.2503210907500003E-5	1.6621286753254692E-5	4.064497996881865E-6	4.057613234444394E-6	4.061139551032839E-6	4.052492335380433E-6	1.2336819370949753E-5	4.068577143350128E-6	4.073781656367971E-6	0.8895560089390383	4.062113804370015E-6	0.1103146317573837	3.8863239658216467E-5	8.16508178230588E-6	1.2429449383835535E-5
7	7	5.167358696083273E-5	6.869287519816582E-5	1.679786034545906E-5	1.676940682474752E-5	1.6783980475326758E-5	1.6748243043295148E-5	5.098591980100594E-5	1.681471874537834E-5	1.68362280886987E-5	0.9994143093414198	1.67880068942133E-5	5.107124984770358E-5	1.606149819366735E-4	3.37448569524815E-5	5.136874346617864E-5
8	8	2.1825486220415894E-5	2.9013960308478575E-5	7.094949103885068E-6	7.082931127957003E-6	7.089086632705287E-6	7.073992135182788E-6	2.1535034734390582E-5	7.102069623221483E-6	7.1111545717195336E-6	0.7826301113606638	7.090787280078432E-6	2.157107577330275E-5	0.2171903484938021	1.4252889217552037E-5	2.169672880520105E-5
9	9	3.857762976837343E-5	5.128361437592017E-5	1.254067455776091E-5	1.251943218903492E-5	1.2530312349083527E-5	1.250363207579743E-5	3.806424235604273E-5	1.2553260428973337E-5	1.2569318526194315E-5	0.8837061988763852	1.2533318327693357E-5	3.8127946680499924E-5	0.1159764550084802	2.519268885061689E-5	3.835004464866853E-5
10	10	5.117721152593715E-5	6.803301282347597E-5	1.663650043753139E-5	1.6608320240766337E-5	1.6622753897151833E-5	1.6587359758172053E-5	5.049615008298813E-5	1.6653196896000814E-5	1.6674499621002746E-5	0.9994199354740819	1.6626741638339706E-5	5.058066045097697E-5	1.590721176572885E-4	3.3420704536703326E-5	5.087529635174876E-5
11	11	1.712967495931736E-4	0.9969539012217152	5.5684519820120316E-5	5.559019705487347E-5	5.563850837059116E-5	5.552003960722736E-5	1.6901714881048389E-4	5.5740405027232095E-5	5.5811708004504685E-5	0.0013322630442310552	5.5651855856382855E-5	1.6930001594825427E-4	5.324349626158617E-4	1.1186342290942702E-4	1.7028620043566203E-4
12	12	2.048290515964649E-5	2.7229184784364896E-5	6.658507771133056E-6	6.6472290734371854E-6	6.653005926181521E-6	6.638839957182551E-6	2.021032061414528E-5	6.665190276199945E-6	6.6737163698038425E-6	0.9997678379435573	6.6546019593008905E-6	2.024414461121173E-5	6.366621006435741E-5	1.3376131699690645E-5	2.0362068175864662E-5
13	13	4.0949779784383546E-5	5.4437059193378295E-5	1.331180439470487E-5	1.3289255826359668E-5	1.3300805010710401E-5	1.327248415942398E-5	4.04048240262086E-5	1.332516417491008E-5	1.334220968934172E-5	0.9995358575840922	1.3303995827845831E-5	4.047244554866857E-5	1.2728259304632425E-4	2.674179483818385E-5	4.070820038746169E-5
14	14	3.3087193994829774E-4	4.398484063951491E-4	1.0755863810451944E-4	1.0737644692813908E-4	1.0746976369445794E-4	1.0724093279340144E-4	3.2646872777370865E-4	1.0766658438450083E-4	1.0780431119175375E-4	0.9962497551300068	1.0749554531919875E-4	3.270151059089855E-4	0.0010284362627744229	2.1607221290072845E-4	3.2891999187600174E-4
15	15	2.9996258539712937E-6	3.987587015862176E-6	9.751073836200001E-7	9.734556709872476E-7	9.74301664107434E-7	0.999943643542447	2.9597071196069274E-6	9.760860052955728E-7	9.773346119071984E-7	2.332963515803473E-5	9.745353957080707E-7	2.964660486099345E-6	9.323619293500154E-6	1.9588720525623683E-6	2.98192984171899E-6
16	16	3.2034364187246133E-6	4.258524926545237E-6	1.04136137535954E-6	1.0395974365689664E-6	1.0405009109698182E-6	1.0382854156265488E-6	3.1608053928308656E-6	1.0424064898065743E-6	1.043739933404897E-6	2.4914774888295723E-5	1.0407505235408977E-6	3.166095317437994E-6	9.957115671469232E-6	2.091968258138696E-6	0.9999419606370413
17	17	6.65108587810887E-5	8.841697258282473E-5	2.162110631313667E-5	2.1584482803735154E-5	2.1603241052825456E-5	2.155724216954966E-5	6.562573862501554E-5	2.1642805342026543E-5	2.1670490760829362E-5	0.9992461373213407	2.1608423595662274E-5	6.573556987574702E-5	2.0673309150793755E-4	4.34341710602698E-5	6.611848418865639E-5
18	18	3.8300296018679644E-5	5.0914937576486935E-5	1.2450519918409672E-5	1.242943026061503E-5	1.2440232203427335E-5	1.2413743734051375E-5	3.779059933740117E-5	1.246301531006497E-5	1.2478957965970814E-5	0.8917312109749602	1.2443216572121669E-5	3.7853845692841614E-5	0.1079537243042934	2.5011579152956348E-5	3.80743470034996E-5
19	19	3.8300296018679644E-5	0.9202401586507046	1.2450519918409672E-5	1.242943026061503E-5	1.2440232203427335E-5	1.2413743734051375E-5	3.779059933740117E-5	1.246301531006497E-5	1.2478957965970814E-5	2.978811278671814E-4	1.2443216572121669E-5	0.07911661697728979	1.1904730666118138E-4	2.5011579152956348E-5	3.80743470034996E-5
20	20	1.2105473511012836E-5	1.6092549985682398E-5	3.935202981124161E-6	3.928537228628023E-6	3.9319513701928315E-6	3.9235792295644254E-6	1.1944375025746341E-5	3.939152366596775E-6	3.9441913197857855E-6	0.3409243689753495	3.932894631732083E-6	1.1964365134441035E-5	3.76269681216431E-5	7.905343832252496E-6	0.658950456439912
21	21	3.5278134592077725E-4	4.689739263880663E-4	1.1468086753396924E-4	1.1448661217212624E-4	1.145861081113228E-4	1.143421246738769E-4	3.480865654641177E-4	1.1479596171193105E-4	1.1494280839962433E-4	0.9960014244998368	1.1461359692248492E-4	3.486691232173523E-4	0.0010965364093189298	2.3037990497202894E-4	3.507001453565358E-4
22	22	4.0949779784383546E-5	5.4437059193378295E-5	1.331180439470487E-5	1.3289255826359668E-5	1.3300805010710401E-5	1.327248415942398E-5	0.1537661540634755	1.332516417491008E-5	1.334220968934172E-5	0.8458101083446429	1.3303995827845831E-5	4.047244554866857E-5	1.2728259304632425E-4	2.674179483818385E-5	4.070820038746169E-5
23	23	7.104372056888975E-7	0.9999873665909632	2.309463241718793E-7	2.305551293480781E-7	2.307554959996529E-7	2.3026415791293798E-7	7.009827752108726E-7	2.3117810282777402E-7	2.3147382523961863E-7	5.5254360437894365E-6	2.3081085344532157E-7	7.021559401390809E-7	2.2082240786836252E-6	4.63943056592218E-7	7.062460478217526E-7
24	24	2.911117228820321E-6	3.869927060379205E-6	9.463353240031296E-7	9.447323477199708E-7	9.455533784976518E-7	9.435400509889603E-7	2.8723763587858274E-6	9.472850699244368E-7	9.484968344564399E-7	2.2641257995803746E-5	9.457802134839661E-7	2.877183568497548E-6	9.04851140829299E-6	0.9999462639597954	2.8939433649262976E-6
25	25	3.5258614936251944E-5	4.687144396056667E-5	1.1461741375190426E-5	1.1442326587300643E-5	1.1452270676035537E-5	1.1427885832077093E-5	3.478939665630136E-5	1.1473244424739626E-5	1.148792096837185E-5	0.9996003636941581	1.1455018036175262E-5	3.4847620198268454E-5	1.0959296875192135E-4	2.3025243404687296E-5	3.50506100342122E-5
26	26	1.3979573545975339E-5	1.858390635132694E-5	4.5444285548119676E-6	4.536730848714451E-6	4.5406735481105714E-6	4.531005280649114E-6	1.3793534716442616E-5	4.548989361510324E-6	4.554808416554839E-6	0.9998415495010434	4.541762839995689E-6	1.3816619579206167E-5	4.345215969371605E-5	9.12920386044031E-6	1.3897102358969119E-5
27	27	9.194449091135014E-8	1.2222746301934841E-7	0.1670058112504179	2.983834999794804E-8	2.986428136757105E-8	2.9800692594507628E-8	9.07209024081047E-8	2.991897496942088E-8	0.6147476726022654	7.150996598169629E-7	2.987144570541738E-8	0.21824490962821144	2.857874518774293E-7	6.004331953429086E-8	9.140207298427935E-8
28	28	1.6489087446150266E-7	2.1919957422901335E-7	5.3602121399940597E-8	5.351132596289864E-8	0.18650519158791196	5.344379214851028E-8	0.28217197541146627	0.5313199515255493	5.3724553209032815E-8	1.2824412541261481E-6	5.357067894959148E-8	1.6296881138932296E-7	5.125238324026297E-7	1.0768013793372866E-7	1.639181161653636E-7
29	29	0.3936676720837482	1.2336418900534591E-5	3.0166948356209555E-6	3.011584923571416E-6	3.014202176931926E-6	3.0077841615162156E-6	9.156461465323336E-6	3.0197224026400535E-6	3.0235852234742364E-6	0.11155065774065615	3.0149252736127705E-6	9.1717857212644E-6	0.4947146116257335	6.0601727603264485E-6	9.225212017472805E-6
30	30	0.9999787883533663	1.5568700900444635E-6	3.8071031781892073E-7	3.800654411090077E-7	3.803957414585581E-7	3.795857806167022E-7	1.155555846550319E-6	3.810924002186547E-7	3.8157989259941995E-7	9.108568927702966E-6	3.8048699708174127E-7	1.1574897850716345E-6	3.6402124771873795E-6	7.648006919289671E-7	1.1642322443914227E-6
31	31	4.2346659482652365E-6	5.629401723371646E-6	1.376589692961467E-6	1.3742579184059915E-6	1.3754522334415742E-6	1.3725235401689859E-6	4.178311418287164E-6	1.3779712438906591E-6	1.3797339410263797E-6	3.293517805175132E-5	1.3757821996768432E-6	4.185304241204378E-6	0.9999322297427677	2.765401147283776E-6	4.209683932456264E-6
32	32	2.720819154847801E-6	3.6169521342190767E-6	8.844739232642344E-7	8.829757326270428E-7	8.837430930907572E-7	8.818613756537546E-7	2.684610753405983E-6	8.853615848360009E-7	8.864941370112271E-7	2.1161211865657918E-5	8.839551000033072E-7	2.6891037185588566E-6	0.9999564568690283	1.7768004617814332E-6	2.7047679366477897E-6
33	33	6.13711526787976E-6	8.15844453555675E-6	1.995030948247674E-6	1.9916516098534556E-6	1.9933824781507617E-6	1.9891380516912198E-6	6.055443124063009E-6	1.9970331692975708E-6	1.9995877687952504E-6	4.773150622531259E-5	1.993860683715284E-6	6.065577515019726E-6	0.9999017835443341	4.00777435815451E-6	6.100909930193923E-6
34	34	0.9999777873668014	1.6303394472481901E-6	3.9867619853680633E-7	3.9800088982254304E-7	3.983467771851145E-7	3.97498593948987E-7	1.2100870150800165E-6	3.9907631156638325E-7	3.9958680891852386E-7	9.538406143051527E-6	3.98442339199704E-7	1.212112216977089E-6	3.811995641687832E-6	8.00891959648923E-7	1.2191728558003341E-6
35	35	7.4710802610023215E-6	9.931766191371865E-6	2.4286714012936096E-6	2.4245575290148155E-6	2.426664619301693E-6	2.421497623187554E-6	7.371655838466768E-6	2.431108825638943E-6	2.434218693557144E-6	5.810643900632518E-5	2.4272467677538337E-6	7.383993043314505E-6	0.9998804351896287	4.878905249583793E-6	7.427005321568923E-6
