0	0	2.984680874000776E-5	3.0023548369512556E-5	1.1679048662567564E-4	4.725606574478598E-5	2.996110696255656E-5	7.501555138302686E-5	8.265648940068396E-5	1.6506918521541942E-5	1.989759716798049E-5	1.1836578328366195E-4	5.3563595725475055E-5	3.682421682710057E-5	3.328726807736033E-5	0.9993100045631708
1	1	6.273264886845938E-6	6.310412393018027E-6	2.4547269533858734E-5	9.932379052969801E-6	6.297288327086742E-6	1.5766925990574337E-5	1.7372914375673694E-5	3.469458770391444E-6	4.182118722769178E-6	2.48783686907902E-5	1.1258108939044532E-5	0.9998242836617965	6.996387849291989E-6	3.843144067129474E-5
2	2	1.9845157210206306E-5	1.996267147323352E-5	7.765404964840565E-5	3.142058040476722E-5	1.9921154152294375E-5	4.987787550000195E-5	5.49583387922329E-5	1.0975457911416929E-5	1.3229921742843786E-5	0.8054933571847742	3.561446006423903E-5	2.4484439138612756E-5	2.213272024650384E-5	0.194126565988941
3	3	1.2591018045804297E-5	1.2665576498062568E-5	4.9268621563250085E-5	1.993519581102659E-5	1.263923529392792E-5	3.164566669111188E-5	3.486903268997772E-5	6.963521989765052E-6	8.393895883226063E-6	0.9325422715268757	2.2596057295519327E-5	1.5534470791550127E-5	1.4042392160196495E-5	0.06721658378841087
4	4	1.972917061779198E-5	1.9845998059405576E-5	7.720019440752807E-5	3.123694033509042E-5	1.9804723389735495E-5	4.958636030791589E-5	5.463713043022582E-5	1.0911310978749778E-5	1.3152598417832711E-5	0.999501279197848	3.540630853287184E-5	2.4341337895685684E-5	2.2003363810822328E-5	1.208653649683109E-4
5	5	1.0781378528367294E-5	1.084522109402492E-5	4.2187506737891185E-5	1.707001699893683E-5	1.0822665769933133E-5	2.7097404684692225E-5	2.9857493570500933E-5	5.962692308846632E-6	7.187486231498227E-6	0.942237609168154	1.9348447128375732E-5	1.330178459218218E-5	1.2024154422787558E-5	0.05755590457977793
6	6	7.670178657447475E-6	7.715598070489637E-6	0.1227297574510232	1.2144094535129785E-5	7.699551572817245E-6	1.9277862709103732E-5	0.03410450370756764	4.24202852797597E-6	5.113381683843349E-6	0.41584621753638484	0.12271350909585114	9.463267059631768E-6	8.55432469835418E-6	0.3045241319216584
7	7	1.5406917158596155E-5	1.5498150122701E-5	0.3697566547888292	2.4393572408803586E-5	1.546591787996385E-5	3.8723013767816546E-5	4.266726456117558E-5	8.52086829183156E-6	1.0271135982831815E-5	0.6299141710552991	2.7649518219773153E-5	1.900865392435833E-5	1.7182881633051248E-5	9.438626192075897E-5
8	8	5.911929264839563E-5	5.94693710092107E-5	2.3133364164714578E-4	9.360281042150371E-5	5.934568971908132E-5	1.4858762201431827E-4	1.637224679105434E-4	3.269620398277818E-5	3.941231641280725E-5	0.21039679247818452	0.07016020935015517	7.293984660514722E-5	6.593400855928664E-5	0.71841683490073
9	9	2.555388768249553E-5	2.5705206528029506E-5	9.999229745510593E-5	4.045913943021338E-5	2.56517461827715E-5	6.422592750804895E-5	7.076785544389531E-5	1.4132698257893493E-5	1.7035689396855173E-5	0.9993540399842443	4.5859445844361026E-5	3.1527722410544896E-5	2.849949946460385E-5	1.565489001508625E-4
10	10	1.64585904349637E-5	1.6556050944091683E-5	6.440242247726487E-5	2.605867308750504E-5	1.6521618534509012E-5	4.13662394268384E-5	4.5579724039784296E-5	9.10250116372424E-6	1.0972241799127749E-5	0.9995839540554932	2.953686914902438E-5	2.0306181077012165E-5	1.8355781911442396E-5	1.0082905046154806E-4
11	11	1.7851182888417954E-5	1.7956889715482927E-5	6.985163320283751E-5	2.826354668418926E-5	1.7919543914627255E-5	4.486631515210958E-5	4.94363106642069E-5	9.87268099645357E-6	1.1900623921966222E-5	0.9043603746869177	3.2036039490381E-5	2.2024325448977945E-5	1.9908899322567957E-5	0.0952977373216801
12	12	1.7851182888417954E-5	1.7956889715482927E-5	6.985163320283751E-5	2.826354668418926E-5	1.7919543914627255E-5	4.486631515210958E-5	4.94363106642069E-5	9.87268099645357E-6	1.1900623921966222E-5	0.9995487516215484	3.2036039490381E-5	2.2024325448977945E-5	1.9908899322567957E-5	1.093603870493656E-4
13	13	3.3389501602080945E-5	3.358721949527035E-5	1.3065303477717116E-4	5.286516547340477E-5	3.351736655133404E-5	8.391958734694225E-5	9.24674731328012E-5	1.8466221538842513E-5	2.225935972938034E-5	0.7518729108737178	5.992137319832272E-5	4.119509919650897E-5	3.723832924583654E-5	0.24748760939499448
14	14	1.9845157210206306E-5	1.996267147323352E-5	7.765404964840565E-5	3.142058040476722E-5	1.9921154152294375E-5	4.987787550000195E-5	5.49583387922329E-5	1.0975457911416929E-5	1.3229921742843786E-5	0.9994983472486278	3.561446006423903E-5	2.4484439138612756E-5	2.213272024650384E-5	1.2157592508739396E-4
15	15	4.267623921792341E-5	4.292894907289439E-5	1.6699201542890723E-4	6.756873687199693E-5	4.283966768795403E-5	1.0726043255657111E-4	1.181857713936764E-4	2.3602295632759547E-5	2.845043247335092E-5	0.9989212152569457	7.658751206752696E-5	5.2652834680429425E-5	4.7595554612054166E-5	2.614443013583979E-4
16	16	1.606690335971198E-5	1.616204447083782E-5	6.28697519488302E-5	2.5438520013830956E-5	1.6128431495328595E-5	4.038179173678343E-5	4.449500242462108E-5	8.885876777062271E-6	1.071112069545624E-5	0.9995938552569246	2.8833940794692333E-5	1.9822927744534165E-5	1.7918944834825077E-5	9.842948677887725E-5
17	17	1.584071377657973E-5	1.5934515492815186E-5	6.198467268579112E-5	2.5080396976142317E-5	1.5901375720184452E-5	3.9813297582397715E-5	4.3868602562459084E-5	8.760781559958512E-6	1.0560329726546851E-5	0.9995995729554799	2.8428017082923122E-5	1.9543860916122164E-5	1.7666682244354652E-5	9.704379819384086E-5
18	18	2.5172767144471224E-5	2.5321829162373348E-5	9.850097375994541E-5	3.985571621808876E-5	2.526916614532625E-5	6.32680372507577E-5	6.9712396349893E-5	1.392191774454432E-5	1.6781612553863028E-5	0.9993636740810912	4.517548037926775E-5	3.105750579704625E-5	2.8074446936224245E-5	1.5421406946701787E-4
19	19	3.7054701564876785E-5	0.06589989177721535	1.44994952901957E-4	5.8668229108060616E-5	3.719660238123657E-5	9.313152683880591E-5	1.0261772284677255E-4	2.0493277686722454E-5	2.470279256118096E-5	0.9332007007770108	6.649900401876839E-5	4.571712764251025E-5	4.13260189811608E-5	2.2700548924199562E-4
20	20	4.214344368079513E-5	4.239299855572606E-5	1.649071878483361E-4	6.67251685980691E-5	4.23048318126641E-5	1.0592132956099627E-4	1.1671026997404408E-4	2.3307630544889406E-5	2.8095240363433124E-5	0.9989346834469071	7.56313480433034E-5	5.1995485395464693E-5	4.7001343417507355E-5	2.5818027529789933E-4
21	21	1.3390134720114759E-5	1.3469425188655878E-5	5.239556307570426E-5	2.120042689244371E-5	1.3441412182021317E-5	3.365412858279868E-5	3.708207259971902E-5	7.40547724022259E-6	8.926632961221682E-6	0.9996615195408916	2.4030165807860086E-5	1.6520400173190017E-5	1.4933623487289928E-5	8.203099619717557E-5
22	22	9.145617771285826E-6	9.199774083626276E-6	3.578677905920139E-5	1.4480138176288447E-5	9.180640874240463E-6	2.298616129542153E-5	2.532748693369344E-5	5.058027097463884E-6	6.096994149375903E-6	0.9997688139091383	1.64128827717595E-5	1.1283625487778898E-5	1.019983855351977E-5	5.602812460805019E-5
23	23	3.549612317240636E-5	3.5706315548850883E-5	1.388962396195253E-4	5.620055212374506E-5	3.563205541968011E-5	8.921426993863621E-5	9.830146178517761E-5	1.963129854657206E-5	2.366375467682163E-5	0.9991027167150219	6.370195245965672E-5	4.379419413339333E-5	3.958778233342829E-5	2.1745728522029286E-4
24	24	1.5130682183681095E-5	1.5220279406171216E-5	5.920632087013856E-5	2.3956213150421716E-5	1.5188625064429592E-5	3.802873790284767E-5	4.190227110827222E-5	8.368095234469118E-6	1.0086981881050092E-5	0.9996175213797914	2.7153782188143292E-5	1.866784239237482E-5	1.6874804888819123E-5	9.269398393771938E-5
25	25	3.587334535048137E-5	3.608577147019054E-5	1.4037230904212738E-4	5.6797803113047967E-5	3.601072216842382E-5	9.01623622432005E-5	9.934612492606361E-5	1.983992305354175E-5	2.391523264914179E-5	0.8396861201814828	6.437892186101215E-5	4.425960105171507E-5	4.0008487135596205E-5	0.15962682921445276
26	26	2.342585588947785E-5	2.3564573469866575E-5	9.16653144658559E-5	3.708985425155907E-5	2.3515565101379706E-5	5.887743347961196E-5	6.487457422659359E-5	1.2955780225396845E-5	1.5617021165120126E-5	0.9994078331083132	4.204044342956124E-5	2.8902212097410282E-5	2.6126168185257605E-5	1.4351209569972654E-4
27	27	3.818166142933069E-6	3.840775637816359E-6	1.4940474398292948E-5	6.045253006667476E-6	3.832787793352541E-6	9.596397423225979E-6	1.0573867781729067E-5	2.111654816168794E-6	2.5454088741711244E-6	0.9999034830749634	6.852146555240402E-6	4.710754143065047E-6	4.258288417727868E-6	2.3390950046277262E-5
28	28	6.308435583475871E-6	6.345791354992036E-6	2.4684892380245924E-5	9.988064361463307E-6	6.332593709744438E-6	1.5855322348898672E-5	1.7470314614959915E-5	3.488910090251915E-6	4.205565529419619E-6	0.6877485872741474	1.132122687544032E-5	7.783183850215935E-6	7.0356126929724725E-6	0.3121305928124606
29	29	0.31887588014255525	1.352907699190777E-4	5.262760637199105E-4	2.1294316845142606E-4	1.3500939924570036E-4	3.3803172022196955E-4	0.3191138487619813	0.3586584417499028	8.966166181507366E-5	5.333745950156429E-4	2.4136587774855982E-4	1.6593563774974868E-4	1.4999759759448886E-4	8.23942854079009E-4
30	30	0.585940440742471	4.521548341049407E-5	1.7588654896931162E-4	7.116766580789324E-5	4.512144661092597E-5	0.4129029787942876	1.244807269037328E-4	2.485943005081496E-5	2.996579430201848E-5	1.7825894676284207E-4	8.066681006935719E-5	5.545729453954062E-5	5.013064741744217E-5	2.7536966839709844E-4
31	31	0.12937796128733386	5.423465534548293E-6	2.1097079238664253E-5	8.536354221389988E-6	5.412186094344002E-6	1.3550838577565107E-5	1.4931100613229877E-5	2.9818162257625603E-6	3.5943097442289414E-6	2.138164144384162E-5	9.675748907100572E-6	0.8704764113572785	6.013025140631117E-6	3.302978964646077E-5
32	32	2.4094694442925765E-5	2.423737259005932E-5	9.428247802299318E-5	3.8148817671390796E-5	2.418696496912079E-5	6.05584605304493E-5	6.672682742007259E-5	1.3325684545888961E-5	1.6062907364306388E-5	9.555418153949893E-5	4.324075258805677E-5	0.8565686175171782	2.6872104155264725E-5	0.14290409123698172
33	33	6.887665014436015E-6	6.928450727019512E-6	2.695141566918535E-5	1.0905150818149612E-5	6.914041297258048E-6	0.693755098751414	1.9074408095699283E-5	0.26117568224251464	4.591713140223805E-6	0.04491623061211145	1.2360721963257137E-5	8.497822066452544E-6	7.681610243820255E-6	4.2195394924434164E-5
34	34	2.574880864105449E-5	2.5901281722483448E-5	1.0075502266978287E-4	4.0767755259561723E-5	2.584741359028233E-5	6.47158325866716E-5	7.130766130004043E-5	1.424050021451476E-5	1.71656349044901E-5	0.16028674740479668	4.6209254345283907E-5	0.8390941335108275	2.8716889077609637E-5	1.577430300640052E-4
35	35	1.0815923298735E-5	1.0879970423277609E-5	4.232268033640756E-5	1.7124711286485458E-5	0.23391120971497717	2.7184227869680172E-5	2.99531603960775E-5	5.981797457231918E-6	7.21051575974778E-6	4.289353827884127E-5	1.9410441766748073E-5	0.7657966898426117	1.2062681189314505E-5	6.626079434844323E-5
36	36	2.462193557721717E-5	2.4767735813668413E-5	9.634557123940216E-5	3.898359173123971E-5	2.4716225171012656E-5	0.9993418366931905	6.818694671147763E-5	1.3617277745040185E-5	1.6414396590236836E-5	9.76451022266448E-5	4.4186948585526026E-5	3.0377904126915744E-5	2.7460120687666873E-5	1.5083955060345302E-4
37	37	2.8107175998581852E-5	2.8273614290718477E-5	1.0998330813664843E-4	4.450172775452674E-5	2.8214812305213112E-5	0.9992486735316853	7.783882408492745E-5	1.554480641869484E-5	1.8737858054474404E-5	1.1146678802227682E-4	5.044162092125975E-5	3.467790316831661E-5	3.134710683853495E-5	1.7219092232055241E-4
38	38	8.633622802371377E-5	0.9975620202096407	3.3783344049103867E-4	1.3669503172634298E-4	8.666685222848681E-5	2.169933745998179E-4	2.390958972766639E-4	4.774865862072525E-5	5.755668893056733E-5	3.423902148066322E-4	1.549404780460101E-4	1.0651939403215426E-4	9.628825621015864E-5	5.289152753670763E-4
39	39	1.1716941399110598E-5	1.1786323955210551E-5	4.58483618696682E-5	1.855128157610967E-5	1.1761811374567358E-5	0.9996867971296266	3.244840180403717E-5	6.4801097725917214E-6	7.811186181785269E-6	4.646677500685225E-5	2.102742432894616E-5	1.4456057744388776E-5	1.306756018026517E-5	7.178063517980295E-5
40	40	2.1764433932387307E-5	2.1893313305157082E-5	8.516417457685025E-5	3.4459346383263553E-5	2.1847780736225605E-5	0.35466756299801405	6.027350254812501E-5	1.2036922966167222E-5	1.4509421853039808E-5	0.09035140485652186	3.905882704255577E-5	0.5545124173402639	2.427323313424313E-5	1.3333384872217633E-4
41	41	1.6795279543919335E-4	1.6894733777364493E-4	6.571988610357828E-4	2.659174859339769E-4	1.6859596992923755E-4	0.7964928188248447	4.651213661387679E-4	9.288708665405028E-5	1.1196698099270332E-4	0.19968373687042096	3.014109720819025E-4	2.0721579348214486E-4	1.8731281373584585E-4	0.0010289168415371552
42	42	1.5862214296864472E-6	1.5956143329692546E-6	6.206880416693652E-6	2.5114438471465097E-6	1.5922958576616883E-6	3.986733596882058E-6	4.3928145193716776E-6	8.77267252423555E-7	1.057466320840263E-6	6.290600232060777E-6	2.8466602285999644E-6	1.957038769919494E-6	0.9999553814116711	9.717551524781982E-6
43	43	1.8196529156863556E-6	1.8304280972123669E-6	7.120297227219868E-6	2.8810328958587203E-6	1.8266212685086088E-6	4.573429205949639E-6	5.039269800953393E-6	1.0063676381072656E-6	1.213085158190981E-6	7.21633741636523E-6	3.265580383669539E-6	2.2450404698536854E-6	2.029405386010669E-6	0.9999579334521363
44	44	3.6652364783567245E-5	3.6869403912565946E-5	1.4342061010082653E-4	5.803121449270498E-5	3.6792724852995913E-5	9.212031268339937E-5	1.0150350838620812E-4	0.998948404502964	2.4434571751710355E-5	1.4535509992363475E-4	6.577696351898572E-5	4.5220734979511724E-5	4.087730460055497E-5	2.2454068304941804E-4
45	45	0.00542075952388605	1.8344939723764884E-5	7.136113330404368E-5	2.887432448026942E-5	1.830678687678035E-5	0.9941099897397849	5.050463380182323E-5	1.0086030524302798E-5	1.215779747956165E-5	7.23236685074826E-5	3.272834119666394E-5	2.2500273110755438E-5	2.0339132434728016E-5	1.1172367488888683E-4
46	46	2.0696887392969338E-5	0.08585840427675259	8.098686768550893E-5	3.276911377274222E-5	2.0776146032039118E-5	5.201857368472581E-5	5.731708432637193E-5	0.9135685993611272	1.379773400780169E-5	8.20792369845141E-5	3.7142989682735596E-5	2.5535281699419266E-5	2.3082629872359697E-5	1.267938169789742E-4
47	47	6.125283334833301E-6	6.161554559560895E-6	2.3968218097514988E-5	9.698081778114048E-6	6.148740080372758E-6	1.539499618677377E-5	1.696310052616041E-5	3.3876168742261895E-6	4.083465719833788E-6	2.429150687691632E-5	1.099253870351686E-5	0.9998284286766987	6.831348376051902E-6	3.7524872187546377E-5
48	48	1.4613953302994382E-4	1.470049068509344E-4	5.718436207532618E-4	2.3138083005565412E-4	1.4669917372771274E-4	3.673001607841727E-4	4.0471264007259876E-4	8.082315886816792E-5	9.742500727217933E-5	5.795567776266519E-4	2.6226451661590886E-4	0.9959065806921922	1.6298512363726594E-4	8.952838585132318E-4
49	49	2.0824568152639487E-5	2.094788205503875E-5	8.148648217309146E-5	3.2971269065989E-5	2.090431574461579E-5	5.2339480441327274E-5	0.5120913331031418	1.1517125758277227E-5	0.4873712241977291	8.258559038598688E-5	3.737212776756294E-5	2.5692810901944697E-5	2.3225028468889188E-5	1.2757601821368028E-4
50	50	4.2332505650924243E-7	4.2583180067406333E-7	1.6564698685620086E-6	6.702450796691372E-7	4.2494617794774713E-7	1.063965089363975E-6	1.1723385019550682E-6	0.9999878543519406	2.82212799328284E-7	1.6788127110605095E-6	7.597064190293414E-7	5.222874513999681E-7	4.721219867301364E-7	2.5933851172171917E-6
51	51	0.999955615693375	1.580758271467385E-6	6.149090889926517E-6	2.488060900853798E-6	1.5774706930201958E-6	3.949614878227385E-6	4.351914960300501E-6	8.690994038486879E-7	1.0476207181943376E-6	6.232031227007241E-6	2.8201562303861165E-6	1.9388176448476454E-6	1.7525951196785163E-6	9.627075687283643E-6
52	52	1.8537394641740625E-5	1.8647164911973023E-5	7.253677804686187E-5	2.9350016866389804E-5	1.8608383512835457E-5	4.659100717829638E-5	5.133667646241403E-5	1.0252193647179217E-5	1.235809209414122E-5	7.351517061409684E-5	3.326752689183896E-5	0.9994807611084441	2.067421111149864E-5	1.1356427557654443E-4
53	53	7.450111112133639E-6	7.494227382291629E-6	2.9152265817789903E-5	1.1795664440635146E-5	7.478641279808365E-6	0.6731612171409801	2.0632022523351075E-5	4.120319132798256E-6	0.3266446023214163	2.9545478212414837E-5	1.3370097392867597E-5	9.191753442352415E-6	8.308889836630789E-6	4.564106703048409E-5
54	54	1.1966150785866097E-5	1.20370090499745E-5	4.6823517565688965E-5	0.09218526347855259	1.2011975107571286E-5	3.007515500077386E-5	0.1276480398814036	6.617936200797506E-6	7.977323474094632E-6	4.74550838247868E-5	2.147465977577208E-5	1.4763525808166466E-5	1.3345496080769174E-5	0.7799421488073696
55	55	1.62996460374994E-5	1.6396165348050193E-5	6.378047345457428E-5	0.9995491381664632	1.6362065460175014E-5	4.0966756128007687E-5	4.513955014988042E-5	9.014596214111253E-6	1.0866280333685958E-5	6.464075899306854E-5	2.9251624802710226E-5	2.011007961079971E-5	1.81785158990564E-5	9.985532110508608E-5
56	56	9.245816619791364E-6	9.300566265493377E-6	3.617885689835101E-5	0.9997442529841352	9.281223433794823E-6	2.323799632187486E-5	2.5604973385648926E-5	5.113442543806601E-6	6.163792457416999E-6	3.6666845552293375E-5	1.6592701346678517E-5	1.1407248222635905E-5	1.0311587382692781E-5	5.66419654343394E-5
57	57	8.458147425974272E-6	8.508232842320971E-6	3.309670934792823E-5	0.9997660405724133	8.4905378642709E-6	2.1258305983912177E-5	2.3423635644079343E-5	4.677818376495238E-6	5.638686927485011E-6	3.3543125294402024E-5	1.517913667949599E-5	1.0435442444878887E-5	9.433123093955523E-6	5.181652566146096E-5
58	58	6.818106512556784E-6	6.858480330389384E-6	2.6679233428390576E-5	0.9998114054749146	6.844216421402383E-6	1.713630505301119E-5	1.8881775723394727E-5	3.7707860044383446E-6	4.545341447288141E-6	2.7039088999436215E-5	1.2235891080787126E-5	8.412002594840638E-6	7.6040336921934845E-6	4.176926379712259E-5
59	59	2.9047754199731227E-6	2.9219762180883503E-6	1.1366378824353806E-5	0.9999196514839126	2.91589924464391E-6	7.30072456560696E-6	8.044362156230753E-6	1.606499763460529E-6	1.9364901512100993E-6	1.151969112823006E-5	5.212959871993903E-6	3.5838364104816717E-6	3.239610604652775E-6	1.7795311728381337E-5
60	60	0.5489739125903679	0.4508914857115664	1.9336669672985474E-5	7.824052795332076E-6	4.960575515271254E-6	1.2420112111353809E-5	1.3685200550558154E-5	2.7330036888447275E-6	3.294388736957146E-6	1.9597487073379306E-5	8.868372647170277E-6	6.0968811529508235E-6	5.5112785786314665E-6	3.027367554231387E-5
61	61	2.248776679926443E-6	0.9999364985913307	8.799457424372272E-6	3.5604589943815178E-6	2.2573883603129036E-6	5.651968491889453E-6	6.227666998773315E-6	1.2436965624044047E-6	1.499163709182308E-6	8.918146508331093E-6	4.035693263212993E-6	2.7744822161284485E-6	2.5079945009493955E-6	1.3776514959347784E-5
62	62	1.3665995477318351E-6	0.9999614096868122	5.347500551644831E-6	2.163719365676935E-6	1.3718329346779029E-6	3.4347463906746662E-6	3.7846029709924208E-6	7.558043334712509E-7	9.11053758798111E-7	5.4196288558498255E-6	2.4525230261955982E-6	1.686075000508801E-6	1.5241282877513137E-6	8.372098163780929E-6
63	63	2.1083245856654087E-6	2.1208091534258095E-6	8.249868737044584E-6	3.3380830124730887E-6	2.1163984053758046E-6	0.999943642859564	5.838704911009824E-6	1.166018868405612E-6	1.405530275291628E-6	8.361144843735923E-6	3.783635521920535E-6	2.6011960729450435E-6	2.3513524105195793E-6	1.2916073638103671E-5
64	64	2.332692130370039E-6	2.346505303713349E-6	9.12781836835431E-6	3.6933212403157165E-6	2.341625164604197E-6	0.9999376453422406	6.460058897035029E-6	1.2901063985526217E-6	1.5551065687235409E-6	9.250936459440452E-6	4.186289372225374E-6	2.8780149177045697E-6	2.6015829351126823E-6	1.4290600003307962E-5
65	65	6.723052006493156E-6	6.762862953489854E-6	0.0020179475049913677	1.064452117450642E-5	6.748797904526645E-6	1.6897399572498414E-5	0.9978303685570222	3.7182156609766496E-6	4.4819726534204E-6	2.666212403936725E-5	1.2065304631192864E-5	8.294726815973597E-6	7.49802219686535E-6	4.118693837707161E-5
66	66	1.8042003895918037E-5	0.4062208262950532	7.059831531945734E-5	0.1176135512500114	1.8111095670334698E-5	4.534591560848586E-5	0.47573467914964657	9.97821545578021E-6	1.2027836166715702E-5	7.15505614603494E-5	3.2378490148697496E-5	2.22597554480964E-5	2.0121716380725763E-5	1.10529399734284E-4
67	67	1.355139771079662E-5	1.363164310760073E-5	5.302658474775325E-5	2.1455752497142205E-5	1.360329272861538E-5	3.405943932369072E-5	0.37739796207482507	7.494664498763817E-6	9.034140134087045E-6	5.374181938844187E-5	2.4319571141395316E-5	0.6222599872147576	1.5113475358508188E-5	8.301892978050963E-5
68	68	1.916899701468486E-5	1.928250735543404E-5	7.50082365244716E-5	3.0350024723859918E-5	1.92424046042837E-5	0.9994875979419311	5.308580935295092E-5	1.0601504322200492E-5	1.2779154516481172E-5	7.601996468600551E-5	3.4401011361094375E-5	2.3650210264543517E-5	2.137861866440093E-5	1.1743361467850914E-4
69	69	8.609147746398993E-6	8.660127320004496E-6	3.36875732173843E-5	1.3630752133479216E-5	8.6421164397573E-6	0.5458025609541224	0.22190674046564676	4.761329816786559E-6	5.7393524148481434E-6	0.23211855319686364	1.545012444867767E-5	1.0621742715327171E-5	9.601529310832152E-6	5.274158780381008E-5
70	70	5.625134151623513E-6	0.2566301029009962	2.201113561672679E-5	8.90620205355638E-6	5.6466755780697945E-6	1.413794498645697E-5	0.7432266314367718	3.111007006559059E-6	3.750037544711564E-6	2.2308026822314847E-5	1.009496238689157E-5	6.940144304380959E-6	6.2735466999932955E-6	3.446084508076377E-5
71	71	1.2270634413633822E-5	1.234329569541258E-5	4.8014961226091986E-5	0.4216862428560274	1.2317624754049829E-5	3.08404296880299E-5	0.5780083229154346	6.786332309020901E-6	8.180309750528484E-6	4.866259794838111E-5	2.2021091325116077E-5	1.5139189793783508E-5	1.3685077716814756E-5	7.517268391703687E-5
72	72	3.7419804780618724E-6	3.764138835059695E-6	1.4642360085579817E-5	5.924629230124907E-6	3.7563103758134354E-6	9.404915991908514E-6	0.9999009319454185	2.0695199744343535E-6	2.494619133707185E-6	1.4839859570120666E-5	6.715422452212018E-6	4.6167582500108864E-6	4.173320786102311E-6	2.2924219418396405E-5
73	73	4.86333673446207E-6	4.8921352683386156E-6	1.90302242625019E-5	7.70005806867755E-6	4.88196086105622E-6	1.2223279543047945E-5	0.9998712443018123	2.689691347503384E-6	3.2421796272261302E-6	1.9286908257470875E-5	8.727827654565881E-6	6.000258452186803E-6	5.423936442944185E-6	2.9793901667840964E-5
74	74	6.416354341613554E-6	6.454349160389209E-6	2.510717820613537E-5	1.015893073361297E-5	6.44092574229086E-6	1.6126560229530716E-5	0.9979293445721666	3.548595069073012E-6	4.277510372668939E-6	0.0019262297826660847	1.1514899732811289E-5	7.916331208916515E-6	7.15597131033747E-6	3.930803905997754E-5
75	75	5.542017563278452E-6	5.5748349455110095E-6	2.1685900618102837E-5	8.77460463563707E-6	5.563240695115922E-6	0.9998518576009428	1.5347828974542843E-5	3.065038984866964E-6	3.6946272525334905E-6	2.1978404980025845E-5	9.945799929525469E-6	6.837597218097501E-6	6.1808492132362255E-6	3.395165404684432E-5
76	76	6.958657420371653E-6	6.999863518653065E-6	2.7229208772902892E-5	0.42672828669568	6.985305568299385E-6	0.2350212030003792	0.338094788593755	3.84851834773972E-6	4.63904075596986E-6	2.7596482536536097E-5	1.2488126154580886E-5	8.585410651618343E-6	7.760785986474065E-6	4.263031047256427E-5
77	77	5.759500386816075E-6	5.793605606351124E-6	2.253691035301088E-5	9.118942373617058E-6	5.781556368167936E-6	0.2610626496731494	0.7387993445610757	3.1853188874603127E-6	3.839613795362977E-6	2.2840893327876145E-5	1.0336098340946222E-5	7.105921872833015E-6	6.423401410771976E-6	3.528400305179988E-5
78	78	0.07709270434936207	3.849483904956044E-6	1.497434923361864E-5	0.2358073313926573	3.841477949493298E-6	9.618155526333389E-6	0.075965815404717	2.1164426132129492E-6	2.55118013043451E-6	1.5176326663328686E-5	6.867682563669479E-6	4.721434929805954E-6	4.267943319913325E-6	0.6110661643764289
79	79	2.549383777481914E-6	2.5644801031300802E-6	9.97573223192231E-6	4.036406318907006E-6	2.5591466314238274E-6	6.407500092242689E-6	0.999932505663058	1.4099487372874768E-6	1.6995656679008272E-6	1.0110287178133646E-5	4.5751679248402685E-6	3.145363439530732E-6	2.84325275684706E-6	1.561810208239396E-5
80	80	1.359992560484669E-6	1.3680458362423263E-6	5.321647427364518E-6	2.153258608332766E-6	1.3652006460021878E-6	3.4181407027552595E-6	3.766305860030812E-6	7.521503079735217E-7	9.066491615802559E-7	5.3934270187466285E-6	0.9999626688764255	1.67792347137606E-6	1.5167597091673893E-6	8.331622264391141E-6
81	81	2.6147709716728968E-5	2.6302544914286924E-5	1.0231592156350883E-4	4.139933016667973E-5	2.6247842255868336E-5	6.571841160272877E-5	0.8366415284978431	1.4461114338177765E-5	1.7431565275230392E-5	0.1627699130085906	4.692512906870935E-5	3.226036460140032E-5	2.9161771716755082E-5	1.6018678834617893E-4
82	82	9.19544424757194E-6	9.249895610315769E-6	3.598174993407746E-5	1.4559027790910844E-5	9.230658160797953E-6	0.3241865974649833	0.6755930667003438	5.0855838654733215E-6	6.130211340603188E-6	3.64670799644362E-5	1.650230222210887E-5	1.134510009910077E-5	1.0255408557265694E-5	5.633337288016838E-5
83	83	2.6559164847503172E-5	2.6716436500764122E-5	1.0392594444288409E-4	4.205078174665491E-5	2.6660873052252745E-5	6.67525433845641E-5	0.9992968523464573	1.4688671541298649E-5	1.770586490023083E-5	1.0532772122872509E-4	4.766353351509225E-5	3.276800724695869E-5	2.9620655524373926E-5	1.627074556115459E-4
84	84	6.059313518615806E-6	6.09519409920525E-6	2.371007837457972E-5	9.593632622443796E-6	6.082517633034758E-6	0.9998380298815298	1.678040650810155E-5	3.351131955832767E-6	4.039486450901699E-6	2.4029885306661273E-5	1.0874148137988116E-5	7.4758235219231056E-6	6.7577741800105556E-6	3.712072616090959E-5
85	85	0.8307335442391439	7.087526414789336E-6	2.7570214178818458E-5	1.1155530655573535E-5	7.07278614772528E-6	0.16908516178884136	1.9512352263331544E-5	3.896715325194698E-6	4.697137852703078E-6	2.7942087500958645E-5	1.2644521390446334E-5	8.692930171139614E-6	7.857978306589331E-6	4.316419180742957E-5
86	86	2.960827635678702E-6	2.978360350278637E-6	0.9999249989037253	4.687840051156357E-6	2.9721661120625373E-6	7.4416035421173754E-6	8.199590791014167E-6	1.6374997060561892E-6	1.973857777953637E-6	1.1741981707922162E-5	5.313552141262084E-6	3.6529921772760924E-6	3.302123992491811E-6	1.8138700289400102E-5
87	87	7.433704743155062E-6	7.477723862036343E-6	2.908806773773855E-5	0.94253810481849	7.46217208271208E-6	1.8683520405279146E-5	2.0586587419203285E-5	4.111245512957597E-6	4.955734589029528E-6	2.948041421405219E-5	1.3340654241241356E-5	9.171511690750922E-6	0.05726456328711134	4.5540557900484865E-5
88	88	1.9501217795242753E-5	1.961669540084028E-5	7.630821559313863E-5	0.9936835297035135	1.95758976228568E-5	0.005826063746592322	5.400584752741953E-5	1.078524059375978E-5	1.3000631972243879E-5	7.733747816814654E-5	3.499722048135291E-5	2.4060095628312205E-5	2.174913473128204E-5	1.1946887437949097E-4
89	89	6.515429735931863E-6	6.554011235469184E-6	2.5494859971910073E-5	1.0315795522354046E-5	6.5403805453951325E-6	0.5057115088470467	0.1524986371766801	3.603389183772108E-6	0.34163807863510565	2.5838740444283665E-5	1.169270213754525E-5	8.038567855198819E-6	7.26646718409308E-6	3.991499735161818E-5
90	90	0.9999123775530614	3.1206955407558384E-6	1.2139389599450188E-5	4.911870903079821E-6	3.114205281248605E-6	7.797236149677436E-6	8.591447443606563E-6	1.7157554592749234E-6	2.068188009946435E-6	1.2303128448550963E-5	5.567485637276535E-6	3.827567875383165E-6	3.4599317766998857E-6	1.9005544813589088E-5
91	91	1.1064077285449734E-5	1.1129593868387515E-5	4.329370625475529E-5	1.7517610279914635E-5	1.11064471206601E-5	2.7807926312735135E-5	0.9997070811515892	6.11904019146116E-6	7.3759494617656286E-6	4.387766161572185E-5	1.985578317452933E-5	1.3650570970593266E-5	1.233944003318938E-5	6.778104184154208E-5
92	92	1.7869028012746791E-6	1.797484051076271E-6	6.992146112891212E-6	2.8291800638434527E-6	1.7937457376781073E-6	4.491116623996581E-6	4.948573019655252E-6	9.882550326735035E-7	1.1912520506904355E-6	7.086457770647145E-6	3.206806465707627E-6	0.9999499482290913	1.9928801464957186E-6	1.094697103203076E-5
93	93	3.267486187904801E-6	3.2868347991179063E-6	1.278566513600329E-5	5.173368565492045E-6	3.279999011863084E-6	8.212344581199585E-6	9.04883801179758E-6	1.8070986665221019E-6	2.178293983963561E-6	1.295812109659392E-5	5.863886847403736E-6	4.0313395281579234E-6	0.9999080893635904	2.0017359993525537E-5
94	94	3.151563656105613E-6	3.170225825243791E-6	1.233206056414969E-5	4.989829922157574E-6	3.163632555239188E-6	7.920990396020781E-6	0.9999165630921565	1.7429871628806725E-6	2.1010133654383103E-6	1.2498398203062473E-5	5.655850280317012E-6	3.888317321552707E-6	3.514846267066142E-6	1.930719232427115E-5
95	95	2.1485828691616165E-6	0.9999393278843327	8.407399297889235E-6	3.4018234313648046E-6	2.156810857791261E-6	5.400146127054338E-6	5.950194498123825E-6	1.1882839022079783E-6	1.4323687595885489E-6	8.520800212629578E-6	3.85588372911E-6	2.650865696704989E-6	2.3962512902204542E-6	1.3162704995398477E-5
96	96	2.3939003335632357E-6	2.4080759548737387E-6	9.367325911646017E-6	0.9999337827158201	2.403067764341806E-6	6.016715389660494E-6	6.629566305433159E-6	1.3239578843768251E-6	1.5959114728968173E-6	9.493674534973359E-6	4.2961346652174004E-6	2.953532007843665E-6	2.6698466441736244E-6	1.4665575310750876E-5
97	97	9.099063301791668E-5	9.152943939108973E-5	3.560461153857347E-4	1.440642908764539E-4	9.133908124610521E-5	0.32369000788472146	0.6741297280047429	5.032279928262388E-5	6.0659582658269156E-5	3.6084854640439995E-4	1.632933532101122E-4	1.122618779338896E-4	1.0147917722728433E-4	5.574292139016918E-4
98	98	2.698377615250428E-5	2.7143562166525978E-5	1.0558744739852066E-4	4.272306332690356E-5	2.708711040437529E-5	6.781974126979154E-5	7.472772807868766E-5	1.4923504828704136E-5	1.7988935186688537E-5	1.0701163491428385E-4	4.842554825776251E-5	3.329188163831497E-5	3.00942120262221E-5	0.9993761918543508
99	99	6.357283091997952E-5	6.39492811690243E-5	2.487603255675325E-4	1.0065403989103103E-4	6.381628279585156E-5	1.597809335659301E-4	1.7605590838477674E-4	3.515925435516398E-5	4.238130084501483E-5	2.5211566144143897E-4	0.6592637189166463	7.843450636556465E-5	7.090090882759848E-5	0.33938069984922475
100	100	3.0113063425195364E-5	3.0291379697443573E-5	1.1783234053107305E-4	4.767762333969284E-5	3.0228381268887826E-5	7.568474326185207E-5	8.339384386145054E-5	1.665417193253993E-5	2.0075097835341587E-5	1.1942168995159764E-4	5.4041420957701165E-5	3.715271493703208E-5	3.358421409795156E-5	0.9993038493149023
101	101	2.1084714748149948E-5	2.1209569123881153E-5	8.250443513913013E-5	3.33831558016133E-5	2.1165458570367417E-5	5.2993320537688256E-5	5.839111699606274E-5	1.1661001061434566E-5	1.405628200036356E-5	8.361727373325538E-5	3.783899131711901E-5	2.601377300959771E-5	2.3515162316685176E-5	0.9995125657456446
102	102	2.462193557721717E-5	2.4767735813668413E-5	9.634557123940216E-5	3.898359173123971E-5	2.4716225171012656E-5	6.188360335376448E-5	6.818694671147763E-5	1.3617277745040185E-5	1.6414396590236836E-5	9.76451022266448E-5	4.4186948585526026E-5	3.0377904126915744E-5	2.7460120687666873E-5	0.9994307926404402
103	103	2.342585588947785E-5	2.3564573469866575E-5	9.16653144658559E-5	3.708985425155907E-5	2.3515565101379706E-5	5.887743347961196E-5	6.487457422659359E-5	1.2955780225396845E-5	1.5617021165120126E-5	9.290171708479645E-5	4.204044342956124E-5	2.8902212097410282E-5	2.6126168185257605E-5	0.9994584434869281
104	104	2.0953834036780463E-5	2.1077913394698596E-5	8.199229924869345E-5	3.3175934066282166E-5	2.103407665189047E-5	5.266437117448132E-5	5.8028661491144217E-5	1.158861686594362E-5	1.3969029400108244E-5	8.309823003739764E-5	3.760411054399767E-5	2.5852295789840716E-5	2.3369194908126957E-5	0.9995155914323905
105	105	2.375556830772217E-5	2.38962382995446E-5	9.295547831917486E-5	3.761188365340063E-5	2.38465401518768E-5	5.970611701050064E-5	6.578766584859184E-5	1.313812923533318E-5	1.5836826402479128E-5	9.420928296173144E-5	4.26321509997188E-5	2.930900270895535E-5	2.6493886749414242E-5	0.9994508212293516
106	106	2.0696887392969338E-5	2.081944522625731E-5	8.098686768550893E-5	3.276911377274222E-5	2.0776146032039118E-5	5.201857368472581E-5	5.731708432637193E-5	1.1446511311184978E-5	1.379773400780169E-5	8.20792369845141E-5	3.7142989682735596E-5	2.5535281699419266E-5	2.3082629872359697E-5	0.9995215314983213
107	107	4.214344368079513E-5	4.239299855572606E-5	0.636879221558132	6.67251685980691E-5	4.23048318126641E-5	1.0592132956099627E-4	1.1671026997404408E-4	2.3307630544889406E-5	2.8095240363433124E-5	1.6713149352083503E-4	7.56313480433034E-5	5.1995485395464693E-5	4.7001343417507355E-5	0.3623114178584003
108	108	1.9614531933068006E-5	1.973068053498247E-5	7.675161352601178E-5	3.1055434390203576E-5	1.968964569667353E-5	4.929823288299402E-5	5.431965490675071E-5	1.0847909512796106E-5	1.3076173685514606E-5	7.778685675322857E-5	3.520057597980246E-5	2.4199899666231334E-5	2.1875510656949702E-5	0.9995465532798747
109	109	3.0941113399926006E-5	3.112433301869344E-5	0.8342280361603697	4.898866414096242E-5	3.105960225734787E-5	7.776592473650189E-5	8.568701042929924E-5	1.7112128881428795E-5	2.06271235133854E-5	1.227055513758051E-4	5.5527453668042795E-5	3.817434147267853E-5	3.450771388415695E-5	0.1651777428788521
110	110	8.213482061935583E-5	8.262118677971017E-5	3.2139334401231706E-4	1.3004299779365534E-4	8.244935555298755E-5	2.0643375679383868E-4	2.2746069735926812E-4	4.5425050415115746E-5	5.4755789417366545E-5	3.257283705658441E-4	1.4740056013902826E-4	1.013358067821821E-4	9.160255008360701E-5	0.9981012157136857
111	111	3.24272562718384E-5	3.26192761728357E-5	1.2688777124929284E-4	0.21138919985977844	3.25514363068395E-5	8.150112563994138E-5	8.980267162477807E-5	1.7934047214866736E-5	2.161787171889592E-5	1.2859926237980757E-4	5.819451119753702E-5	4.000790591931885E-5	3.616516532593521E-5	0.7879124918391998
112	112	1.7213961585765257E-5	1.7315895069491434E-5	6.735818786758134E-5	2.7254642448080093E-5	1.727988237580399E-5	4.3264753397621976E-5	4.767161694745449E-5	9.520262745822324E-6	1.1475815598319765E-5	6.826673043214745E-5	3.089247119333898E-5	2.1238138368806897E-5	1.9198225142598675E-5	0.9996020494168272
113	113	1.8336009266625863E-5	1.844458702154128E-5	0.7659651884765639	2.9031166010026554E-5	1.8406226933314106E-5	4.608485474215798E-5	5.077896832454823E-5	1.0140816514454351E-5	1.2223837035100855E-5	7.271652115461942E-5	3.290611723790798E-5	2.2622491632510138E-5	2.04496119248084E-5	0.23368267031563839
114	114	2.8827265251395708E-5	2.899796759430109E-5	0.00865260419428492	4.564183574293865E-5	2.8937659136647523E-5	7.245307920640553E-5	7.983300879697582E-5	1.594305518049641E-5	1.921791091380326E-5	1.1432250131430487E-4	5.173390546531151E-5	3.556633057144257E-5	0.2903854582781955	0.7004404630083457
115	115	2.2489437926216823E-5	2.2622610452682698E-5	0.999430317226595	3.5607235817476847E-5	2.257556112965473E-5	5.6523885049999225E-5	6.228129793601502E-5	1.243788984869676E-5	1.4992751161042502E-5	8.918809239989976E-5	4.035993166526823E-5	2.7746883954281403E-5	2.5081808768240834E-5	1.3777538729545339E-4
116	116	3.122734356170065E-5	3.141225810916836E-5	0.30539870976575656	4.9441848649255677E-5	3.134692853626574E-5	7.848532202935874E-5	8.647968412982684E-5	1.727042982408497E-5	2.081794098087175E-5	1.2384067632644852E-4	0.6938663076042513	3.8527484806408444E-5	3.482693796636335E-5	1.9130577507257577E-4
117	117	3.0941113399926006E-5	3.112433301869344E-5	1.2107249797442272E-4	4.898866414096242E-5	3.105960225734787E-5	7.776592473650189E-5	8.568701042929924E-5	1.7112128881428795E-5	2.06271235133854E-5	1.227055513758051E-4	5.5527453668042795E-5	3.817434147267853E-5	0.9991296619908191	1.895522643123904E-4
118	118	1.0516419509176596E-4	1.0578693104453046E-4	0.8727205019121013	1.6650510815223254E-4	1.0556692091345998E-4	2.643146927124035E-4	2.912372727233067E-4	5.8161554720468596E-5	7.010849329516379E-5	4.170577308235694E-4	1.8872947120606888E-4	1.297488504127992E-4	0.12473285720340366	6.442596633992454E-4
119	119	2.6559164847503172E-5	2.6716436500764122E-5	0.18106562603842824	4.205078174665491E-5	2.6660873052252745E-5	6.67525433845641E-5	7.355182749457633E-5	1.4688671541298649E-5	1.770586490023083E-5	1.0532772122872509E-4	4.766353351509225E-5	3.276800724695869E-5	0.1731234207454234	0.6453305077906898
120	120	2.742218488167347E-5	2.758456695871283E-5	0.9993053651946542	4.3417190190152995E-5	2.752719801784097E-5	6.892161694555434E-5	7.594183866556481E-5	1.516596884670242E-5	1.828120362864903E-5	1.0875026610526097E-4	4.92123240948811E-5	3.383277893297883E-5	3.058315638950166E-5	1.6799451168834266E-4
121	121	2.9328179003964843E-5	2.9501847537052033E-5	0.9992570842184358	4.643492600026136E-5	2.9440491136224825E-5	7.371205203903357E-5	8.12202181512673E-5	1.6220087896858314E-5	1.9551848794778854E-5	1.1630901348037535E-4	5.263285389124419E-5	3.618434493930888E-5	3.270885558418781E-5	1.796710631096403E-4
122	122	2.096835222145339E-4	2.109251754965406E-4	0.9946884803940235	3.3198920520056003E-4	2.104865043388763E-4	5.270086049023388E-4	5.806886753755904E-4	1.1596646216537323E-4	1.3978708055965513E-4	8.31558059181438E-4	3.763016512763046E-4	2.5870207948724733E-4	2.3385386612553854E-4	0.0012845687196523885
123	123	1.344943537108191E-4	1.352907699190777E-4	0.9965931066538588	2.1294316845142606E-4	1.3500939924570036E-4	3.3803172022196955E-4	3.7246297313684823E-4	7.438273745279998E-5	8.966166181507366E-5	5.333745950156429E-4	2.4136587774855982E-4	1.6593563774974868E-4	1.4999759759448886E-4	8.23942854079009E-4
124	124	4.322267891091313E-5	4.347862454059379E-5	0.9989051208982304	6.843390776120056E-5	4.3388199969340144E-5	1.0863382812539951E-4	1.1969905836131037E-4	2.3904506685461705E-5	2.881472056131424E-5	1.714114996170649E-4	7.756816212826261E-5	5.332701777024885E-5	4.820498273239714E-5	2.64791914606104E-4
125	125	7.83233466188014E-5	7.878714291218625E-5	0.9980159814811495	1.2400834036934889E-4	7.862328552954338E-5	1.968541790833947E-4	2.1690536251351908E-4	4.331709671989227E-5	5.221484190971539E-5	3.1061291519268036E-4	1.4056042341746986E-4	9.663330923043757E-5	8.735172521547701E-5	4.798265501380928E-4
126	126	4.214344368079513E-5	4.239299855572606E-5	0.9989324591412344	6.67251685980691E-5	4.23048318126641E-5	1.0592132956099627E-4	1.1671026997404408E-4	2.3307630544889406E-5	2.8095240363433124E-5	1.6713149352083503E-4	7.56313480433034E-5	5.1995485395464693E-5	4.7001343417507355E-5	2.5818027529789933E-4
127	127	8.018381532795031E-5	8.065862849597743E-5	0.16658960817354146	1.2695399638240897E-4	8.049087889541575E-5	2.0153019276590936E-4	2.220576658461008E-4	4.434603772532157E-5	5.345513722037138E-5	3.1799111893806003E-4	0.8315231447938662	9.892870716535656E-5	8.942665125565923E-5	4.912242025736502E-4
128	128	2.6559164847503172E-5	2.6716436500764122E-5	0.9993272264634054	4.205078174665491E-5	2.6660873052252745E-5	6.67525433845641E-5	7.355182749457633E-5	1.4688671541298649E-5	1.770586490023083E-5	1.0532772122872509E-4	4.766353351509225E-5	3.276800724695869E-5	2.9620655524373926E-5	1.627074556115459E-4
129	129	3.8316514538313375E-5	3.8543408027744926E-5	0.18176438099468695	6.066604124770205E-5	3.846324746189471E-5	9.630290763094142E-5	1.0611213431209963E-4	2.1191129310438023E-5	2.554398957039818E-5	1.5195474650353202E-4	6.87634752585268E-5	4.7273919691329664E-5	4.273328188407791E-5	0.8174997542098762
130	130	4.55559273321851E-5	4.582568942931829E-5	0.9988460170897656	7.2128109769697E-5	4.5730383555159826E-5	1.1449810387963374E-4	1.261606578268343E-4	2.5194920743324652E-5	3.0370197985507497E-5	1.8066464220208863E-4	8.175544982969752E-5	5.6205719025208766E-5	5.08071860823938E-5	2.790859225733955E-4
131	131	4.617913836632183E-5	4.645259084416661E-5	0.9988302304528781	7.311483172910584E-5	4.635598117320558E-5	1.16064452890712E-4	1.2788655209868864E-4	2.5539590548791374E-5	3.0785666259382664E-5	1.8313615809677572E-4	8.28738750581679E-5	5.6974620600248194E-5	5.150223502188966E-5	2.829038544344179E-4
132	132	4.956974101320318E-5	4.9863271143597944E-5	0.9987443426718795	7.848312898966681E-5	4.975956811798235E-5	1.2458623253195107E-4	1.3727634362330866E-4	2.7414779354352777E-5	3.3046036746961826E-5	1.9658253159679447E-4	8.895870881796072E-5	6.115785801537385E-5	5.528367444590621E-5	3.036754537234558E-4
133	133	6.126523343694077E-5	6.16280191120691E-5	0.9984480826860964	9.700045068084492E-5	6.149984837842003E-5	1.539811276614483E-4	1.6966534554238601E-4	3.3883026669824315E-5	4.084292380969033E-5	2.429642447535584E-4	1.0994764044721449E-4	7.558745257146216E-5	6.832731321469168E-5	3.7532468762507647E-4
134	134	3.7054701564876785E-5	3.727412315473702E-5	0.5709543479547606	5.8668229108060616E-5	3.719660238123657E-5	9.313152683880591E-5	1.0261772284677255E-4	2.0493277686722454E-5	2.470279256118096E-5	1.4695067781869112E-4	6.649900401876839E-5	4.571712764251025E-5	4.13260189811608E-5	0.42833402024063594
135	135	4.16811153975238E-4	4.1927932568393744E-4	0.9894417043697692	6.599317021458167E-4	4.184073304526925E-4	0.001047593356141165	0.0011542991758599702	2.3051937704537782E-4	2.778702577271991E-4	0.001652980027158282	7.480164576346121E-4	5.142507677668113E-4	4.648572227894423E-4	0.002553479475850268
136	136	2.4094694442925765E-5	2.423737259005932E-5	9.428247802299318E-5	3.8148817671390796E-5	2.418696496912079E-5	6.05584605304493E-5	6.672682742007259E-5	1.3325684545888961E-5	1.6062907364306388E-5	9.555418153949893E-5	4.324075258805677E-5	2.9727407719797745E-5	2.6872104155264725E-5	0.9994429813464402
137	137	8.213482061935583E-5	8.262118677971017E-5	0.4869545832030759	1.3004299779365534E-4	8.244935555298755E-5	2.0643375679383868E-4	2.2746069735926812E-4	4.5425050415115746E-5	5.4755789417366545E-5	3.257283705658441E-4	1.4740056013902826E-4	1.013358067821821E-4	9.160255008360701E-5	0.511468025854622
138	138	1.9845157210206306E-5	1.996267147323352E-5	0.7231871624694665	3.142058040476722E-5	1.9921154152294375E-5	4.987787550000195E-5	5.49583387922329E-5	1.0975457911416929E-5	1.3229921742843786E-5	7.87014651393806E-5	3.561446006423903E-5	2.4484439138612756E-5	2.213272024650384E-5	0.2764317132887577
139	139	8.235834218067447E-4	8.284603193707144E-4	0.003222679833127908	0.0013039689658695891	8.267373308914028E-4	0.0020699554526892737	0.00228079708514695	4.554867007015608E-4	5.490480172967833E-4	0.0032661480720021707	0.9773930421484239	0.001016115818746293	9.185183710780769E-4	0.005045458462848602
140	140	1.8651243043715543E-4	1.8761687473941395E-4	7.298226655399272E-4	2.9530271566834674E-4	0.33170242919933624	4.687714834409468E-4	5.165196341027825E-4	1.0315158043526511E-4	1.243398997858334E-4	7.396666797157783E-4	3.347184118991002E-4	2.3011418872936223E-4	2.080118288626122E-4	0.6641730224073072
141	141	1.0198690596971544E-4	1.0259082741848547E-4	0.5140141411877638	1.614745474330039E-4	1.0237746437671739E-4	2.5632904515221976E-4	2.8243822264973386E-4	5.6404339967161746E-5	6.799032985640309E-5	4.0445731116308975E-4	1.830274535626101E-4	1.2582879368003557E-4	1.1374299708108677E-4	0.4840272105739259
142	142	6.0173136573437944E-5	6.052945533289966E-5	0.2497955296798698	9.527134786014077E-5	6.0403569334790776E-5	1.5123630327861485E-4	1.6664093869175873E-4	3.3279037342171054E-5	4.011486930819629E-5	2.3863323228933908E-4	1.0798774465402324E-4	7.424005184771516E-5	6.71093296983121E-5	0.7490488513039187
143	143	5.106961099198929E-5	5.137202269048284E-5	1.9983525781580198E-4	8.085785370290355E-5	5.126518184224299E-5	1.2835593449377829E-4	1.4143002008781317E-4	2.82442895290718E-5	3.404593623042753E-5	2.0253068124351684E-4	9.165040124927875E-5	6.300835860967169E-5	5.695643532630528E-5	0.9988193780161869
144	144	7.484992870597355E-5	7.529315695135114E-5	2.928875804986817E-4	1.1850892277071998E-4	7.513656617812411E-5	1.881242554863973E-4	2.0728622589503832E-4	4.139610654041426E-5	4.9899262008777614E-5	2.9683811482776666E-4	1.3432696795866408E-4	9.234789649277166E-5	8.347792436071347E-5	0.9982696270913245
145	145	1.972917061779198E-5	1.9845998059405576E-5	7.720019440752807E-5	3.123694033509042E-5	1.9804723389735495E-5	4.958636030791589E-5	5.463713043022582E-5	1.0911310978749778E-5	1.3152598417832711E-5	7.824148819574434E-5	3.540630853287184E-5	2.4341337895685684E-5	2.2003363810822328E-5	0.9995439030746206
146	146	3.920657459140963E-5	3.9438738623678494E-5	1.534152265772649E-4	6.207526180298187E-5	3.935671599604222E-5	9.853994229111677E-5	1.0857702896752414E-4	2.1683381226001958E-5	2.6137354728666556E-5	1.554845260612714E-4	7.036079232082089E-5	4.837205264986011E-5	4.3725939687143147E-5	0.9990936264644763
147	147	5.711859635103642E-5	5.7456827471316436E-5	2.2350492212827944E-4	9.043513388405785E-5	5.7337331764067516E-5	1.435591669723156E-4	1.5818182422775695E-4	3.1589709447481656E-5	3.8078537336890095E-5	2.2651960737401044E-4	1.0250601429466975E-4	7.047143951677475E-5	6.37026908136709E-5	0.9986795381984176
148	148	1.843615201757567E-5	1.8545322773667684E-5	7.214061591621385E-5	2.91897207306994E-5	1.850675318048739E-5	4.6336548775679336E-5	5.105629942230619E-5	1.0196200935778956E-5	1.2290597945288943E-5	7.311366495848834E-5	3.308583513918975E-5	2.274604515566101E-5	2.0561298190027173E-5	0.9995737949448589
149	149	3.512675171675215E-5	3.533475683844557E-5	1.374508900537721E-4	5.561573108157967E-5	0.1977486178335798	8.828590926690014E-5	9.72785401028246E-5	1.9427015918711264E-5	2.3417510447028768E-5	1.3930485893424207E-4	6.303907209963109E-5	4.333847323233365E-5	3.9175833211108714E-5	0.801474586823517
150	150	3.2118715339648695E-5	3.230890819740941E-5	1.2568045136701435E-4	5.085314604150575E-5	3.2241713818509576E-5	8.072565351647048E-5	8.894821142056099E-5	1.7763407195272647E-5	2.1412180610274492E-5	1.2737565789224466E-4	5.764079833997387E-5	3.962723613696589E-5	3.582105869758167E-5	0.9992574828614267
151	151	2.4443643294554923E-5	2.4588387762791358E-5	9.564791399118138E-5	3.870130386908775E-5	2.4537250118839606E-5	6.14354919992893E-5	6.769319160685429E-5	1.3518672356150471E-5	1.62955367131399E-5	9.693803481871585E-5	0.6589927815133877	3.015793174284801E-5	2.7261276547886284E-5	0.3404859998517909
152	152	2.4094694442925765E-5	2.423737259005932E-5	9.428247802299318E-5	3.8148817671390796E-5	2.418696496912079E-5	6.05584605304493E-5	6.672682742007259E-5	1.3325684545888961E-5	1.6062907364306388E-5	9.555418153949893E-5	0.9993386125469561	2.9727407719797745E-5	2.6872104155264725E-5	1.4760955207199073E-4
153	153	1.9742040820511767E-4	1.9858944473786052E-4	7.725055547800995E-4	3.125731756038016E-4	1.9817642878839885E-4	4.96187076641055E-4	5.467277262514051E-4	1.0918428905141905E-4	1.3161178434256554E-4	7.829252854780399E-4	0.9945809073748193	2.4357216817271258E-4	2.2017717569439382E-4	0.0012094421074338572
154	154	2.096835222145339E-4	2.109251754965406E-4	8.204910886836311E-4	3.3198920520056003E-4	0.4350277318254251	5.270086049023388E-4	5.806886753755904E-4	1.1596646216537323E-4	1.3978708055965513E-4	8.31558059181438E-4	0.55942704563553	2.5870207948724733E-4	2.3385386612553854E-4	0.0012845687196523885
155	155	1.3028377070589015E-5	1.310552536997883E-5	5.098000631395107E-5	2.062766069091836E-5	1.307826918317081E-5	3.274490408973502E-5	3.608023626994216E-5	7.205405463796403E-6	8.685464531946691E-6	5.166763623904834E-5	2.3380949315115873E-5	1.6074072988228975E-5	0.9996335267055224	7.981478695112765E-5
156	156	6.126523343694077E-5	6.16280191120691E-5	2.397307024903081E-4	9.700045068084492E-5	6.149984837842003E-5	1.539811276614483E-4	1.6966534554238601E-4	3.3883026669824315E-5	4.084292380969033E-5	2.429642447535584E-4	1.0994764044721449E-4	7.558745257146216E-5	0.9982766792968207	3.7532468762507647E-4
157	157	2.1084714748149948E-5	2.1209569123881153E-5	8.250443513913013E-5	3.33831558016133E-5	2.1165458570367417E-5	5.2993320537688256E-5	5.839111699606274E-5	1.1661001061434566E-5	1.405628200036356E-5	8.361727373325538E-5	0.2561298342190082	2.601377300959771E-5	0.7433149159451273	1.2916973514282885E-4
158	158	8.418313602004452E-5	8.468163140024879E-5	0.22477548945230635	1.332860690407081E-4	8.450551496847718E-5	2.1158189542827305E-4	2.3313321537220185E-4	4.655788092038399E-5	5.612131412290206E-5	3.3385153237273815E-4	0.7732431334705574	1.0386296508249791E-4	9.388697601482273E-5	5.157249463930264E-4
159	159	5.810172642345569E-5	5.844577920615421E-5	0.7059227916460855	9.199171099562173E-5	5.832422672876691E-5	1.460301193982917E-4	1.6090446305719701E-4	3.2133434176743886E-5	3.8733948316171924E-5	2.3041848186023463E-4	0.29270969658944346	7.168439984601364E-5	6.479914687236061E-5	3.5594432759007976E-4
160	160	1.2456810139489552E-4	1.2530573871754632E-4	4.874346636746187E-4	1.9722706171027715E-4	1.2504513439027336E-4	3.130835491416914E-4	3.449736299214088E-4	6.889297673397364E-5	8.304425183699338E-5	4.940092933286105E-4	2.2355205481188855E-4	1.5368888565152138E-4	1.389271402895924E-4	0.9971202475183966
161	161	8.860234703430109E-5	8.912701103186633E-5	3.4670075841114267E-4	1.4028294860826674E-4	8.894164933183944E-5	2.226889304818409E-4	2.453715913922704E-4	4.900194644099867E-5	5.906741403354721E-5	3.513771371285024E-4	0.21013982878335685	1.0931527276507975E-4	9.881559210250512E-5	0.787970878617881
162	162	4.06219962405224E-5	4.0862541775150075E-5	1.5895376788733844E-4	6.431628056950106E-5	4.0777557996123156E-5	1.0209739583238404E-4	1.1249683780057253E-4	2.2466186853198297E-5	2.7080956104686804E-5	1.610977724767688E-4	0.9988849462816509	5.011836309003909E-5	4.530451782884447E-5	2.488595438940748E-4
163	163	4.92004387132572E-6	4.949178199841044E-6	1.925211914470339E-5	7.789841744083863E-6	0.6675473614443531	1.2365804567288721E-5	1.3625361345784826E-5	2.7210534973382997E-6	0.3323169750569987	1.9511796108333218E-5	8.829595256595715E-6	6.070222243682944E-6	5.487180245091435E-6	3.0141302424117665E-5
164	164	6.728262647931418E-7	6.768104450047178E-7	2.6327674614805832E-6	1.065277111561483E-6	6.754028500093333E-7	1.6910495751187245E-6	1.8632965925710435E-6	3.721097430830693E-7	0.9999807723306557	2.6682788280580533E-6	1.2074655737835476E-6	8.301155569941979E-7	7.503833472031191E-7	4.121885994596852E-6
165	165	2.1404086838225144E-6	2.153083239452998E-6	8.375413731464424E-6	3.3888813495777864E-6	0.9999395542307542	5.379601517891556E-6	5.927557255069594E-6	1.1837631304046038E-6	1.4269193780995374E-6	8.488383217606867E-6	3.841214195670003E-6	2.6407805993019785E-6	2.3871348616914645E-6	1.3112628085756963E-5
166	166	1.5839884668255694E-6	1.5933681474877555E-6	6.198142838702964E-6	2.50790842596703E-6	0.9999552677009408	3.98112137409182E-6	4.3866306464943454E-6	8.760323017684543E-7	1.0559776995312369E-6	6.281744799630011E-6	2.842652915088094E-6	1.9542837983822655E-6	1.7665757564222592E-6	9.703871888857638E-6
167	167	3.4760995245282674E-6	3.496683451856598E-6	1.3601968591193193E-5	5.503663359705785E-6	0.9999018339295093	8.736663432470458E-6	9.626562960473427E-6	1.9224732574925155E-6	2.3173676173345558E-6	1.3785435038528218E-5	6.238267925232791E-6	4.288721240479823E-6	3.876791577434389E-6	2.129537251400696E-5
168	168	6.901589980419056E-7	6.942458150505804E-7	2.700590402563149E-6	1.0927198036454275E-6	6.92801958883696E-7	1.73461284357255E-6	1.9112971307371535E-6	3.8169569305799754E-7	0.99998027700507	2.737016580402298E-6	1.238571194643771E-6	8.515002327536275E-7	7.697140348887208E-7	4.228070241800887E-6
169	169	4.161806346545386E-6	4.186450727060787E-6	1.6285137640304205E-5	6.589334090709397E-6	0.9998824693676631	1.0460086388297789E-5	1.1525530423284995E-5	2.3017066535751513E-6	2.7744991732969834E-6	1.6504795282298983E-5	7.468849168295218E-6	5.134728494177723E-6	4.6415402313285915E-6	2.5496167717715077E-5
