0	0	5.786640860632699E-6	2.8855026706136935E-6	8.874096370238841E-6	2.8854174813932517E-6	5.802306830729778E-6	8.877966446826347E-6	0.999851008561532	1.1702497323674835E-5	1.1948652683005283E-5	8.737294146509976E-6	8.779020668661625E-6	6.40397012962836E-5	2.8901564872243266E-6	5.78218520212787E-6
1	1	2.759491493207271E-7	1.3760176698290456E-7	4.2318149740673795E-7	1.3759770454089745E-7	2.766962167862377E-7	4.233660508234522E-7	5.656751850731319E-7	0.3216459925449382	5.697987179117282E-7	4.166577717820866E-7	4.1864759602886055E-7	3.0538790156627655E-6	1.3782369482769884E-7	0.6783471705806946
2	2	1.289462518125032E-4	6.429891934401507E-5	1.977453746870555E-4	6.42970210353183E-5	1.292953434830729E-4	1.9783161329805713E-4	2.643302037280302E-4	2.6077187146684793E-4	2.662570591108847E-4	0.8371838247574954	1.9562676120263655E-4	0.16085352523653568	6.440262237709017E-5	1.2884696442325762E-4
3	3	4.3085039132957113E-5	2.1484311619790095E-5	6.607301171608718E-5	2.148367733454848E-5	4.320168175014117E-5	6.610182677567635E-5	8.832111838508213E-5	8.713216653447675E-5	8.896494198140156E-5	0.4395380873626203	6.53651156462074E-5	0.5598061289203438	2.1518962097608897E-5	4.305186406201922E-5
4	4	4.806568173310046E-6	2.3967904064909384E-6	7.371107039017542E-6	2.396719645611605E-6	4.819580826952494E-6	7.374321647872971E-6	9.853106442606306E-6	9.72046694082745E-6	9.924931421057532E-6	7.2574747555477664E-6	7.292134133620022E-6	0.9999195832753909	2.4006560147676275E-6	4.802867161466345E-6
5	5	2.2298257409242964E-5	1.1119003728419942E-5	3.419546674897307E-5	1.1118675460049456E-5	2.235862470042336E-5	3.421037971247297E-5	4.5709765432621385E-5	4.509443456730217E-5	4.604297028901186E-5	3.366831269322102E-5	0.13787936927089653	0.8617813968136412	1.1136936757826566E-5	2.228108796281261E-5
6	6	6.655666848068974E-6	3.3188416090364075E-6	1.0206790163837825E-5	3.318743626271629E-6	6.6736855017800275E-6	1.0211241440677585E-5	1.3643620882087396E-5	0.041158109736883344	1.3743077107548962E-5	1.0049443259624597E-5	1.0097436186239293E-5	0.9587439969801173	3.3241943263863138E-6	6.65054204780728E-6
7	7	2.467964246165845E-5	1.2306479000170796E-5	3.784743702996104E-5	1.2306115673751768E-5	2.474645679317179E-5	3.786394265192363E-5	5.0591427266229135E-5	0.12973187593953803	5.0960217372616394E-5	3.7263984548477846E-5	3.744194541950356E-5	0.8699051294456515	1.2326327221755433E-5	2.466063937135463E-5
8	8	9.982576832379217E-6	4.977801941260818E-6	1.5308769105840263E-5	4.977654980708257E-6	1.000960231294978E-5	1.5315445403508013E-5	0.20675320485178114	2.018806445360137E-5	2.0612708879685456E-5	1.5072770580598382E-5	1.5144753311747392E-5	0.7931002442797989	4.985830274623529E-6	9.974890343026495E-6
9	9	2.0726850279233118E-5	1.033542313659295E-5	3.178563717004476E-5	1.0335118002014872E-5	2.0782963354936525E-5	3.1799499184282436E-5	4.2488497958952125E-5	4.191653080996875E-5	4.279822113794171E-5	3.129563281736677E-5	3.144509074954882E-5	0.9996532275522116	1.0352092386065788E-5	2.0710890801368637E-5
10	10	2.6940248853644E-5	1.343372811384181E-5	4.1314187336539474E-5	1.3433331507442067E-5	2.7013183245653755E-5	4.1332204840798176E-5	5.5225501849578035E-5	5.44820730544581E-5	5.562807239962833E-5	4.067729176279472E-5	4.087155349730292E-5	0.9995492737240272	1.3455394393230707E-5	2.6919505117888157E-5
11	11	7.175110996029072E-5	3.577861913263416E-5	1.1003383133571653E-4	3.5777562833950595E-5	7.19453592268587E-5	1.1008181812070503E-4	1.4708442662679177E-4	1.4510442111473871E-4	1.4815660988539323E-4	1.083375602807147E-4	1.0885494581599677E-4	0.9987995615495237	3.583632385553069E-5	7.169586228706801E-5
12	12	1.0267711908018806E-5	5.119984261204156E-6	1.5746037669883202E-5	5.1198331029770895E-6	1.029550932479142E-5	1.575290466446944E-5	2.1048043989784003E-5	2.0764701666782985E-5	2.1201475327891707E-5	1.550329825414024E-5	1.5577337047750434E-5	0.9998282151150047	5.128241910051143E-6	1.0259805867365873E-5
13	13	2.1412761314279245E-5	1.067745198737126E-5	3.2837515241106546E-5	1.0677136755013178E-5	2.1470731332900502E-5	3.285183598922831E-5	4.389456444855184E-5	0.07284762544377794	4.421453725753423E-5	3.233129523635433E-5	3.248569916098472E-5	0.9268374300809371	1.0694672870208805E-5	2.139627369143213E-5
14	14	1.6103850929845507E-4	8.030169140331501E-5	2.469604188772556E-4	8.02993206418666E-5	1.614744832135309E-4	2.4706812063022984E-4	3.30116939209794E-4	3.256730060603247E-4	3.325233520688493E-4	2.4315330060110918E-4	2.443145229902892E-4	0.7982010212707671	8.043120413921389E-5	0.19926562386009866
15	15	0.9999588549183663	7.656320058463652E-7	2.3546303641350957E-6	7.656094019533286E-7	1.5395694700233574E-6	2.355657240502478E-6	3.1474815774630525E-6	3.105111144267733E-6	3.170425386889425E-6	2.3183316068944736E-6	2.329403217112448E-6	1.6992132932889552E-5	7.668668378161039E-7	1.5342304478057493E-6
16	16	1.7582035462323675E-6	8.767264377249186E-7	2.6962910060493665E-6	8.767005539707529E-7	1.762963469103552E-6	2.6974668838244386E-6	0.8189853148556149	3.5556677509117473E-6	3.6304591948811203E-6	2.654725240921467E-6	0.18097208323143818	1.9457718671429093E-5	8.781404457937441E-7	1.7568497462000752E-6
17	17	2.9122825043075495E-5	1.4522067545145976E-5	4.4661274516628625E-5	1.4521638807503147E-5	2.9201668247147678E-5	0.33310816772855245	5.969962033456709E-5	5.889596232643649E-5	6.013480531597916E-5	4.3972780565973496E-5	4.418278050091772E-5	0.666449270958372	1.4545489127752919E-5	2.910040074438252E-5
18	18	1.7865447371360534E-5	8.908587441891592E-6	2.7397536064394567E-5	8.908324432043381E-6	1.7913813871205848E-5	2.740948438661853E-5	3.662283530529291E-5	3.61298299108096E-5	3.688980028450506E-5	2.6975178260069742E-5	2.710400308321743E-5	0.9997011005129898	8.922955452233975E-6	1.785169114655932E-5
19	19	1.9837230972291518E-5	9.89181536002034E-6	3.0421362515238953E-5	9.891523322155376E-6	0.07359892723379803	0.9258999747150539	4.0664844697698814E-5	4.011742701049168E-5	4.096127421575466E-5	2.9952389690591276E-5	3.00954327232467E-5	2.195350250010219E-4	9.907769146894496E-6	1.982195649284434E-5
20	20	5.175659500238977E-6	2.5808374270688386E-6	7.937126614704248E-6	2.580761232535824E-6	5.1896713819016216E-6	7.940588070000885E-6	0.9998667397938573	1.046689139840216E-5	1.0687056491542927E-5	7.814768627410959E-6	7.852089462760417E-6	5.7278081773047314E-5	2.58499987134926E-6	5.171674291578938E-6
21	21	1.4011529759605482E-4	6.986835283968927E-5	2.1487365187480026E-4	6.98662901035939E-5	1.4049462683302482E-4	2.14967360287995E-4	2.8722591497139975E-4	2.8335936765642886E-4	2.8931967040514276E-4	2.115611801401234E-4	2.1257152866696933E-4	0.9976557883100716	6.998103840547104E-5	1.4000741014763243E-4
22	22	1.9959615075804887E-5	9.9528420706861E-6	3.060904451502427E-5	9.952548231118452E-6	2.0013651042518154E-5	3.0622393406179065E-5	4.09157229865986E-5	4.0364928052688546E-5	4.1213981301267885E-5	3.0137178402558503E-5	3.0281103926996166E-5	0.9996660638503437	9.96889428308683E-6	1.9944246361760332E-5
23	23	4.0843528745619736E-7	2.0366584709714816E-7	6.263554606525562E-7	2.0365983423328165E-7	4.0954103000251826E-7	0.9999892731860174	8.372618918772229E-7	8.259909286694367E-7	8.433651769368542E-7	6.166996245778708E-7	6.196447847286414E-7	4.520078995311411E-6	2.03994324873964E-7	4.081207961639164E-7
24	24	1.5195471995416552E-6	7.57720689429756E-7	2.3302998427977128E-6	7.576983191039537E-7	1.5236610164455295E-6	2.3313161083967346E-6	3.114958482184098E-6	3.0730258649384217E-6	3.137665212002005E-6	0.9999600549016558	2.3053333692328887E-6	1.681655231557122E-5	7.589427618147865E-7	1.5183771626297075E-6
25	25	1.7670292485328907E-5	8.811273653393234E-6	2.709825651560669E-5	8.811013516557708E-6	1.7718130649187505E-5	2.7110074319214838E-5	3.6222782337035486E-5	3.573516233310935E-5	3.648683109931729E-5	2.6680512376277445E-5	2.6807929969415338E-5	0.9997043655695041	8.825484713430227E-6	1.765668652793648E-5
26	26	6.696998697972009E-6	3.3394516946022792E-6	1.0270174574246814E-5	3.339353103362194E-6	6.715129247952457E-6	1.0274653493621938E-5	1.37283480932452E-5	1.3543541275015693E-5	1.3828421944239494E-5	1.0111850542004779E-5	1.0160141505838664E-5	0.9998879552561029	3.3448376524546216E-6	6.691842072578433E-6
27	27	5.305598530263316E-8	2.645631394274052E-8	8.136394463264882E-8	2.6455532868169528E-8	0.3365143655207221	8.139942821137644E-8	1.0876081473410103E-7	1.0729670995015051E-7	1.095536350715365E-7	8.0109645818132E-8	8.049222386286068E-8	5.871609337077721E-7	0.6634842393589772	5.3015132697842365E-8
28	28	9.580231055779792E-8	0.44423931483818196	1.469175220748872E-7	0.43624407406167875	9.606167279723461E-8	1.4698159418304945E-7	1.96387594919632E-7	1.9374388525330292E-7	1.9781917742159264E-7	1.446526555593528E-7	0.11951418892967323	1.0602267359209107E-6	4.784877375635601E-8	9.572854368853824E-8
29	29	0.03240106240348612	2.3756139145876956E-6	0.9674785780307105	2.3755437789057867E-6	4.776998123816424E-6	7.309166904994673E-6	9.766050758371853E-6	9.63458317355656E-6	9.837241137706487E-6	7.193352396336619E-6	7.227705546531322E-6	5.272343257028939E-5	2.3794453688465157E-6	4.760432129482865E-6
30	30	6.096095383475132E-7	3.039811858552082E-7	0.9999839893005298	3.0397221136334036E-7	6.112599128961771E-7	9.352737032522138E-7	1.2496541093746157E-6	1.232831648414831E-6	1.2587635592724875E-6	9.204541942971049E-7	9.248499891145722E-7	6.746437818308225E-6	3.0447145491870973E-7	6.091401447926719E-7
31	31	1.8985222452915744E-6	9.466962165005295E-7	2.9114765840017184E-6	9.466682670158521E-7	1.9036620480613847E-6	2.912746306223871E-6	3.891829074720408E-6	3.839438463446059E-6	0.9999511462001316	2.866593538516465E-6	2.880283472353986E-6	2.101060017737626E-5	9.482230737176246E-7	1.8970604011936648E-6
32	32	1.3656098909492554E-6	6.809600046476201E-7	2.094229462014691E-6	6.809399005414834E-7	1.3693069587699716E-6	2.095142775108404E-6	2.7993984750522877E-6	2.7617138299939722E-6	0.9999648593886764	2.0619450202586906E-6	2.071792210146154E-6	1.5112956136365234E-5	6.820582753278312E-7	1.3645583843029244E-6
33	33	3.1622368113915547E-6	1.5768462194464913E-6	4.849444588952286E-6	1.5767996659286037E-6	3.1707978243384904E-6	4.851559477182377E-6	6.482349729768229E-6	6.395086322687313E-6	0.999918627614344	4.774686013437659E-6	4.797488386617055E-6	3.4995899297521914E-5	1.5793893996012727E-6	3.1598019190797105E-6
34	34	6.436917538680303E-7	3.2097624849576934E-7	0.9999830941699985	3.2096677225557444E-7	6.454343980048794E-7	9.875632392908423E-7	1.3195201104828955E-6	1.3017571348100849E-6	1.3291388539780005E-6	9.719151972069944E-7	9.765567533141538E-7	7.123619494865707E-6	3.2149392765513415E-7	6.431961173309295E-7
35	35	3.801305270950635E-6	1.8955170668647088E-6	5.829487282786804E-6	1.8954611051694019E-6	3.81159641155169E-6	5.832029576819798E-6	7.792392431568038E-6	7.687493630787895E-6	0.9999021827595613	5.739620462525654E-6	5.767031053992041E-6	4.206835363566186E-5	1.8985742079657555E-6	3.798378301994399E-6
