0	0	2.5638599622117226E-6	1.0522552776701481E-5	1.0376303948089618E-5	0.9999374857329019	2.561434529913233E-6	2.5658230328974587E-6	1.3152486380183882E-5	1.0461889192602035E-5	2.5568458618774677E-6	7.753071413557793E-6
1	1	9.648580722567005E-8	3.959954965164813E-7	3.904917106262991E-7	2.0201524017472603E-6	0.999995723641124	9.655968351475994E-8	4.949678547661166E-7	3.937125423117642E-7	9.622184540923426E-8	2.9177153387506886E-7
2	2	5.9868580877235604E-5	2.457116657040374E-4	0.997529042215734	0.0012534865067301891	5.981194471462745E-5	5.991442045422067E-5	3.0712312926385707E-4	2.442951130278032E-4	5.970479492974566E-5	1.8104162856428174E-4
3	3	1.7283651908232583E-5	7.093528588106873E-5	6.994938420041156E-5	0.7624763066909006	1.7267301433482822E-5	1.7296885482181084E-5	0.23719093260918897	7.052633676273385E-5	1.7236368019715484E-5	5.226548622258015E-5
4	4	1.932661853006175E-6	7.931999659697393E-6	7.821755911493161E-6	0.9999528761550671	1.930833539233415E-6	1.934141634228627E-6	9.914468447503119E-6	7.886270877086939E-6	1.9273745579319627E-6	5.844338452748313E-6
5	5	8.870648442198767E-6	3.640677251189633E-5	3.590076907847165E-5	0.8780935191691719	8.862256736896075E-6	8.877440431690006E-6	4.55060278404488E-5	3.6196883775490565E-5	8.846380494993956E-6	0.12171701365151595
6	6	2.3953616388381513E-6	9.831004670870222E-6	9.69436739779558E-6	0.9999415942058092	2.393095607318868E-6	2.397195695410759E-6	1.2288097553992718E-5	9.774327931747197E-6	2.3888085091355674E-6	7.243535185591152E-6
7	7	9.90365818747774E-6	4.06464344761824E-5	4.008150564612203E-5	0.9997585203785289	9.894289246585829E-6	9.91124112155212E-6	5.080532140781602E-5	4.041210365850781E-5	9.876564175625703E-6	2.994850355116255E-5
8	8	4.181727201974671E-6	1.716257745317253E-5	1.6924041529262094E-5	0.741750248737032	4.177771254158243E-6	4.184929025087842E-6	0.2581692408200389	1.706363345329077E-5	4.170287008439362E-6	1.2645476003673208E-5
9	9	7.392702370023648E-6	3.034101003859589E-5	2.9919312255632967E-5	0.9998197446906822	7.3857088136806155E-6	7.398362740529394E-6	3.7924230912600725E-5	3.0166091038121613E-5	7.372477725570018E-6	2.235541342301992E-5
10	10	9.808473035587124E-6	4.025577710835044E-5	3.9696277871626066E-5	0.9997608412658225	9.799194140620157E-6	9.815983089245198E-6	5.031702585646417E-5	4.002369847002724E-5	9.781639427273317E-6	2.966066517816433E-5
11	11	3.287143596350609E-5	1.349104182248595E-4	0.9986432962100675	6.882391537155628E-4	3.2840339318736605E-5	3.289660463624528E-5	1.6862898917230254E-4	1.3413264597932645E-4	3.278150767047242E-5	9.940269525150018E-5
12	12	3.9244359123602455E-6	1.6106606684933747E-5	1.5882747284028756E-5	0.9999043109848235	3.920723364188552E-6	3.9274407352488404E-6	2.0132179856927853E-5	1.6013750463641934E-5	3.913699605521981E-6	1.1867431269612851E-5
13	13	7.84747610313426E-6	3.220748507180552E-5	3.175984588536068E-5	0.9998086560013467	7.840052327154802E-6	7.853484680249287E-6	4.0257199724845384E-5	3.202180565344127E-5	7.826007307814189E-6	2.37306418995297E-5
14	14	6.359958206669519E-5	2.610243807136969E-4	2.5739650535601383E-4	0.998449259585453	6.353941634673056E-5	6.364827835940242E-5	3.262629976857209E-4	2.5951954868220627E-4	6.342558900295249E-5	1.9232411633361978E-4
15	15	5.746105120318862E-7	2.3583072117897824E-6	2.325530026010793E-6	1.2030793329380021E-5	5.740669258315965E-7	5.750504740690143E-7	2.947726102361035E-6	2.3447113315019207E-6	0.9999745315911126	1.7376129743533673E-6
16	16	6.136539167644856E-7	2.5185485248630922E-6	2.483544208003888E-6	1.2848256851848916E-5	6.130733951869612E-7	6.141237731657488E-7	3.148017013935836E-6	0.8045501823295886	6.119751081688003E-7	0.19542636647761932
17	17	1.2749314742190784E-5	5.2325532290675964E-5	5.1598280266723434E-5	0.9996891351014261	1.2737253787140556E-5	1.2759076510151007E-5	6.540341164292283E-5	5.2023870289446384E-5	1.2714435702729682E-5	3.855372334176168E-5
18	18	7.3395351517298E-6	3.0122801997309265E-5	2.970413700221722E-5	0.9998210410601152	7.332591892006073E-6	7.3451548136909255E-6	3.765148547221449E-5	2.994914098832666E-5	7.319455959917541E-6	2.219463660744969E-5
19	19	7.3395351517298E-6	3.0122801997309265E-5	0.9996970751394082	1.5367005770907494E-4	7.332591892006073E-6	7.3451548136909255E-6	3.765148547221449E-5	2.994914098832666E-5	7.319455959917541E-6	2.219463660744969E-5
20	20	2.3191535973388258E-6	9.518232853959465E-6	9.385942673535882E-6	0.9999434523766655	2.3169596592442935E-6	2.320929303699453E-6	1.1897153726071748E-5	9.463359276086541E-6	2.3128089543934093E-6	7.0130832901132305E-6
21	21	6.782652091335948E-5	2.783725150710607E-4	2.74503524806928E-4	0.9983461946802078	6.77623564749962E-5	6.787845364638038E-5	3.479470040004274E-4	2.7676766928531394E-4	6.764096396796401E-5	2.0510631162585374E-4
22	22	7.84747610313426E-6	0.4229586636904847	3.175984588536068E-5	0.5768821997959337	7.840052327154802E-6	7.853484680249287E-6	4.0257199724845384E-5	3.202180565344127E-5	7.826007307814189E-6	2.37306418995297E-5
23	23	1.3608861866430267E-7	5.58532717585795E-7	0.9999943832102463	2.849328390880847E-6	1.359598777283584E-7	1.3619281763846655E-7	6.981284976018006E-7	5.553127198148569E-7	1.3571631314070532E-7	4.115298006239712E-7
24	24	5.576552205271482E-7	2.288719577389869E-6	2.2569095628128523E-6	1.1675795285206445E-5	5.571276741700059E-7	5.580822004060415E-7	0.999977587715547	2.275524876872856E-6	5.561296108111931E-7	1.6863404447256089E-6
25	25	6.756439435381209E-6	2.772966994658148E-5	2.7344266154028363E-5	0.9998352586078334	6.750047788929808E-6	6.7616126384387225E-6	3.4660230653054006E-5	2.7569805586615624E-5	6.737955452324195E-6	2.0431364511305093E-5
26	26	2.6782440278320326E-6	1.0992006017144886E-5	1.0839232442308428E-5	0.9999346967209686	2.6757103872806446E-6	2.6802946789665624E-6	1.3739271496124217E-5	1.0928635987495892E-5	2.6709170003782294E-6	8.09896699381496E-6
27	27	1.761241942193121E-8	7.228460821736919E-8	7.127995283546752E-8	3.687565292642173E-7	1.759575793044958E-8	0.9999992194280221	9.035092009050493E-8	7.186788011889874E-8	1.756423610506712E-8	5.325967391213103E-8
28	28	0.838562743309332	1.2963344741927227E-7	1.2783172304341897E-7	6.61318935327641E-7	3.1555801666931906E-8	3.160986618748385E-8	1.62033129011564E-7	1.2888609744569626E-7	3.1499271196696965E-8	0.16143595232239674
29	29	1.7777920230716343E-6	0.5104191309440241	7.194975802019678E-6	3.722216695368837E-5	1.7761102174128595E-6	1.7791532251096807E-6	0.4895167155937746	7.254320995294414E-6	1.7729284143695018E-6	5.3760145704048165E-6
30	30	2.2434039781202298E-7	0.9999907535887685	9.079373249094246E-7	4.697082467153984E-6	2.2412816997792562E-7	2.2451216852690684E-7	1.1508561583848332E-6	9.15426122302318E-7	2.2372665677995712E-7	6.784017656261312E-7
31	31	8.112061419935709E-7	3.3293391868985585E-6	3.283066009042556E-6	1.6984467282608267E-5	8.104387344102695E-7	8.11827258209319E-7	0.9999673974489343	3.310145208778801E-6	8.089868783225558E-7	2.4530743654841966E-6
32	32	5.212005820334131E-7	2.139103037032887E-6	2.109372483992677E-6	1.0912533541065137E-5	5.207075220596677E-7	5.215996496888462E-7	2.6737355618381036E-6	0.9999785058707163	5.197747033853841E-7	1.5761022024802937E-6
33	33	1.1756687441653395E-6	4.825160730590847E-6	4.758097716540175E-6	2.461533053902791E-5	1.1745565520072456E-6	1.1765689184657396E-6	6.031127820219688E-6	0.9999515158331498	1.1724523990244335E-6	3.5552034301977087E-6
34	34	2.349272513803606E-7	0.9999903172411347	9.507838189060092E-7	4.918742608453333E-6	2.3470500829700529E-7	2.3510712813153369E-7	1.2051662413920356E-6	9.586260203321252E-7	2.3428454727923215E-7	7.10416241053796E-7
35	35	1.4312323280665748E-6	5.87404067685901E-6	5.7923996923527434E-6	2.9966142255923225E-5	1.4298783706873505E-6	1.4323281797390984E-6	7.342157519997964E-6	0.9999409764805438	1.427316822813305E-6	4.328023609885597E-6
