0	0	2.5803336235532262E-6	2.569328803454716E-6	1.3286123508943083E-5	0.9999307360457882	1.87307128541441E-5	1.919251997823411E-5	2.5757218749297424E-6	2.580906893338603E-6	5.172021233772782E-6	2.5762854413570763E-6
1	1	1.211347998432006E-7	1.206181741372162E-7	6.237224121939842E-7	3.1620451824521442E-6	8.793208489771894E-7	9.010005701698988E-7	0.9999937072489266	1.2116171222386096E-7	2.4280261715735685E-7	1.2094475630170532E-7
2	2	5.7528380618720016E-5	5.728302882642123E-5	0.35919967883365195	0.6395522988480381	4.176000996527441E-4	4.2789606129296895E-4	5.7425561964687106E-5	5.7541161633589315E-5	1.1530989767705323E-4	5.743812664378117E-5
3	3	1.9215145520277826E-5	1.913319517955942E-5	9.893867765563359E-5	0.9994842074112668	1.394832706537001E-4	1.4292224110724598E-4	1.9180802898806596E-5	1.9219414527296085E-5	3.8514841543652374E-5	1.918499964716995E-5
4	4	2.1432984794865793E-6	2.134157562990797E-6	1.1035831977330049E-5	0.9999424673901118	1.5558262704302846E-5	1.594185283305341E-5	2.1394678299448836E-6	2.1437746536712346E-6	4.2960279031487205E-6	2.139935944244433E-6
5	5	9.943752215075065E-6	9.901343278791713E-6	5.120032497576316E-5	0.6413011992320917	7.218197125100884E-5	7.396162314221814E-5	9.925980061438986E-6	9.945961407191212E-6	0.3584518116597167	9.928151860023085E-6
6	6	2.967853696384107E-6	2.9551961486510237E-6	1.528146221353114E-5	0.9999203338356495	2.1543731737887107E-5	2.207489405261124E-5	2.962549345398612E-6	2.9685130610631652E-6	5.948766545657894E-6	2.9631975494483724E-6
7	7	1.1005824039747678E-5	1.0958885491767788E-5	5.6668926907376055E-5	0.9997045704146962	7.989157988333197E-5	8.186131275106775E-5	1.09861536787516E-5	1.1008269191152742E-5	2.2060075917763492E-5	1.0988557442697986E-5
8	8	4.451430800988233E-6	4.432445971003968E-6	2.292039249250326E-5	0.7406823551501961	3.231305880849146E-5	0.25923126473113933	4.4434748995956365E-6	4.452419770304685E-6	8.922448792368889E-6	4.444447129283355E-6
9	9	9.2429333355611E-6	9.20351330955675E-6	4.7591812454114977E-5	0.756281356431044	0.11539524300720935	0.1282111359321834	9.226413733328997E-6	9.24498682754414E-6	1.852653743589921E-5	9.22843246721304E-6
10	10	1.2014049500504868E-5	1.1962810989251587E-5	6.186027420999153E-5	0.9996775065956958	8.721031627668056E-5	8.936049313670345E-5	1.1992577170050902E-5	1.2016718648213443E-5	2.4080963233988075E-5	1.1995201138863695E-5
11	11	3.200353612250574E-5	3.186704479660527E-5	0.5769635328084762	0.42234218157256215	2.3231455031865887E-4	2.380422829042976E-4	3.194633721523563E-5	3.201064631171414E-5	6.414789423759938E-5	3.195332705497959E-5
12	12	4.578583706252656E-6	4.559056584049019E-6	2.357510209611558E-5	0.999877096973318	3.323606525050281E-5	3.405550292107746E-5	4.570400548496591E-6	4.579600924985403E-6	9.177314101242361E-6	4.571400549441441E-6
13	13	9.548835994925108E-6	9.508111329976695E-6	4.916690354967172E-5	0.9997436803779592	6.931526353013406E-5	7.102423652842067E-5	9.53176966255107E-6	9.550957448953938E-6	1.9139688787823826E-5	9.533855208132359E-6
14	14	7.185575888650563E-5	7.154930250723365E-5	3.699849037661682E-4	0.9980711742280403	5.216029331766708E-4	5.344630924435905E-4	7.172733336272477E-5	7.187172299870376E-5	1.4402769755722574E-4	7.174302726096698E-5
15	15	6.846470288436693E-7	0.9999644320310005	3.5252437522873183E-6	1.7871700304434155E-5	4.9698716424330455E-6	5.092404198890484E-6	6.834233808765921E-7	6.847991360951121E-7	1.3723066422483724E-6	6.835729135093136E-7
16	16	7.784911612932206E-7	7.751709878473874E-7	4.0084466695121934E-6	2.0321362889402393E-5	5.6510887850203265E-6	5.790416800996512E-6	7.77099788678177E-7	7.786641177887989E-7	0.9999603419889819	7.772698176536847E-7
17	17	1.2987491780937753E-5	1.293210165259331E-5	0.5132272721437812	0.4864909768417256	9.427656060587843E-5	9.660095624749256E-5	1.2964279647903279E-5	1.299037719721024E-5	2.603213113657818E-5	1.2967116224645215E-5
18	18	7.966823595196085E-6	7.932846027481036E-6	4.1021130482336544E-5	0.8617228612623172	0.13812111650245135	5.925722922732504E-5	7.952584743516863E-6	7.968593575329997E-6	1.5968702815776107E-5	7.954324764369113E-6
19	19	8.846183462891587E-6	8.80845552853499E-6	0.9995771740810967	2.3091656434098004E-4	6.421468944404605E-5	6.579790740736701E-5	8.830372959150642E-6	8.848148809406816E-6	1.773129191136208E-5	8.83230503954684E-6
20	20	2.3078836888505567E-6	2.2980408357511533E-6	1.1883280307032422E-5	0.9999380494255892	1.675299127292519E-5	1.7166037523748626E-5	2.303758881372925E-6	2.30839642874392E-6	4.625922529884328E-6	2.304262942457645E-6
21	21	6.251429075096775E-5	6.224767463705881E-5	3.2188573617375997E-4	0.9983219274699096	4.537929586502169E-4	4.649812579316395E-4	6.240256093754858E-5	6.252817947981843E-5	1.2530365694844468E-4	6.241621458108298E-5
22	22	8.90076379973614E-6	8.862803086647985E-6	4.582998341291217E-5	0.6233953182442744	0.37643036923998985	6.62038759207972E-5	8.884855746286502E-6	8.902741272302708E-6	1.784069274950555E-5	8.886799747484397E-6
23	23	1.7973957825170944E-7	1.7897301004316968E-7	0.9999914088880638	4.691836435462602E-6	1.3047345498376743E-6	1.3369028775918474E-6	1.7941833539186311E-7	1.797795107893114E-7	3.6027004678065033E-7	1.7945759201784401E-7
24	24	6.77572489494195E-7	6.746827223406301E-7	3.488816988434759E-6	0.999981811906236	4.918517366411996E-6	5.039783779359379E-6	6.763614856274035E-7	6.777230250032797E-7	1.3581264341540964E-6	6.765094731216089E-7
25	25	7.879790810770596E-6	7.846184427667696E-6	4.057299915829018E-5	0.999788482595842	5.71996185609612E-5	5.860987942782611E-5	7.865707510032582E-6	7.881541454929815E-6	1.5794254285177518E-5	7.867428522197376E-6
26	26	2.9862846556310934E-6	2.973548502019722E-6	1.5376363120417188E-5	0.6831997383880478	0.31674177822752164	2.221198351667779E-5	2.9809473635754357E-6	2.986948115095398E-6	5.985709564077717E-6	2.981599593100724E-6
27	27	2.3229554755423333E-8	2.3130483430413857E-8	1.1960884853072342E-7	6.063732453429866E-7	1.6862397787705178E-7	1.7278141464320186E-7	2.3188037307373365E-8	0.776624619555786	4.656132422159196E-8	0.22337419694732785
28	28	0.999997805169223	4.207151788837275E-8	2.1755385380105567E-7	1.1029187053191498E-6	3.067063739936724E-7	3.142682425470497E-7	4.2176201345220144E-8	4.226110351673148E-8	8.46893490483342E-8	4.2185429473203206E-8
29	29	2.124361300637443E-6	2.1153011489871464E-6	1.0938324548521634E-5	5.5453316678307505E-5	0.34607369438346175	0.6538450498164041	2.120564496916184E-6	2.124833267570619E-6	4.258070218056583E-6	2.121028475177614E-6
30	30	2.7182642196612097E-7	2.7066711417566573E-7	1.3996327382901559E-6	7.095627591359103E-6	0.9999875809250592	2.0218447671168195E-6	2.7134059520485024E-7	2.718868133330194E-7	5.448489348339717E-7	2.7139996436707177E-7
31	31	8.46560400638522E-7	8.429499198749065E-7	4.358934805172775E-6	2.209820992777288E-5	6.145205268539671E-6	0.9999614742657249	8.450473700262386E-7	8.467484799995602E-7	1.6968458372233094E-6	8.452322658924766E-7
32	32	6.089308033117052E-7	6.063337848945058E-7	3.135381327186104E-6	1.589523997687581E-5	4.420245475532237E-6	0.9999722884435621	6.07842480558269E-7	6.090660887754676E-7	1.220541024570923E-6	6.079754761345709E-7
33	33	1.4100644005449874E-6	1.404050641349794E-6	7.2604137737067514E-6	3.680765024140021E-5	1.023569632677547E-5	0.9999358300171314	1.4075442370673354E-6	1.4103776729485596E-6	2.8263333679166505E-6	1.4078522069163782E-6
34	34	2.8702380831366586E-7	2.85799685453874E-7	1.4778839962606513E-6	7.492332934070871E-6	0.9999868865941748	2.1348829178543E-6	2.865108197447401E-7	2.8708757606659834E-7	5.753105790841109E-7	2.865735081431451E-7
35	35	1.695034213293648E-6	1.687805091288708E-6	8.72772175820118E-6	4.424636665247761E-5	1.230430004761687E-5	0.9999228614548479	1.6920047322883392E-6	1.695410797116295E-6	3.397526917877352E-6	1.6923749419259901E-6
