0	0	2.5892636378693074E-5	2.7229302358284807E-6	2.7188231825103167E-6	8.293418395235965E-6	0.6653933774375702	2.7259634991442384E-6	0.3344938413434743	5.593039936963095E-6	2.729116905933635E-6	4.296849167759726E-5	5.4634571427296825E-6	5.463561939095035E-6	2.7277352580519485E-6	5.4820444035903155E-6
1	1	1.2155523876739962E-6	1.2783033373745975E-7	1.2763752453896089E-7	3.893417566626856E-7	8.082475327644374E-7	1.2797273292817898E-7	8.034937528173281E-7	2.6257013578293126E-7	1.2812077235900777E-7	2.0171933011979335E-6	0.9999933501328278	2.564916782957176E-7	1.2805590969469868E-7	2.573593537042297E-7
2	2	0.9972980004533782	6.0693999112762666E-5	6.060245306903052E-5	1.8485994319610921E-4	3.837569190521634E-4	6.0761610423024285E-5	3.8149981850758765E-4	1.2466862224562233E-4	6.083189972620197E-5	9.57765851449862E-4	1.2178022727510666E-4	1.2178256318163195E-4	6.0801102853699756E-5	1.2219453652891708E-4
3	3	0.6661291746203255	2.0275657589247257E-5	2.024507538567694E-5	6.175498344158131E-5	1.2819922895095535E-4	2.0298244068900345E-5	1.2744521375249567E-4	4.1647252343336225E-5	2.0321725168584843E-5	0.33328814034201176	4.068234463811361E-5	4.068312497952395E-5	2.0311437053601442E-5	4.0820750290881845E-5
4	4	0.9998993106358067	2.261747300679923E-6	2.2583358593459217E-6	6.8887613872806235E-6	1.4300609425503489E-5	2.2642668199193053E-6	1.4216499115774634E-5	4.645746267594834E-6	2.266886133921558E-6	3.569091443744761E-5	4.5381109226948536E-6	4.538197969690528E-6	2.2657384958639335E-6	4.553550057537682E-6
5	5	0.8616800300956087	1.0492958137619172E-5	1.0477131386728011E-5	3.195913391166786E-5	6.634503155995401E-5	1.050464698097396E-5	6.595481733988541E-5	2.1553080261980935E-5	1.0516798803667264E-5	1.6558139407214187E-4	2.105372599379007E-5	2.105412983222124E-5	1.0511474549232573E-5	0.1378739655815614
6	6	2.9781201456128616E-5	3.1318608394362698E-6	3.127136987431769E-6	9.538926835265426E-6	1.980217623177604E-5	3.135349639284801E-6	0.16871541627731235	6.4330046071298615E-6	3.1389766257953527E-6	0.8311844843196748	6.2839610240867315E-6	6.284081558806441E-6	3.137387481557426E-6	6.305339726205441E-6
7	7	0.8697934126079709	1.1613639357161595E-5	1.1596122259062576E-5	3.5372470808461586E-5	7.343089141987526E-5	1.1626576606071241E-5	7.299900108309165E-5	2.3855017614260607E-5	1.1640026281981625E-5	1.8326601229024206E-4	2.3302330725952492E-5	0.12971286956247513	1.1634133380281333E-5	2.3381607727409414E-5
8	8	4.4668023121461004E-5	4.69739384407371E-6	4.690308665496538E-6	1.4307179818088827E-5	2.9700751565689214E-5	4.702626601137924E-6	2.952606394650882E-5	9.648690599505975E-6	4.708066620660079E-6	0.9998203375335712	9.425144137712512E-6	9.425324924496916E-6	4.705683105956429E-6	9.457209478056555E-6
9	9	9.274669936017772E-5	9.753459951607637E-6	9.738748601485352E-6	2.9706792746839717E-5	6.166932144599028E-5	9.764325015972359E-6	6.130660783195785E-5	2.0034112631722923E-5	9.775620430899562E-6	0.9996269568340896	1.9569950686865584E-5	1.9570326064515405E-5	9.770671406828383E-6	1.963652973543203E-5
10	10	0.16667306275939875	1.2677493796081345E-5	1.2658372063810682E-5	3.8612726418942186E-5	8.015744606725163E-5	1.2691616147201991E-5	7.968599289940504E-5	2.6040229811657658E-5	1.2706297865625428E-5	0.8329626094294057	2.5436914659342293E-5	2.5437402573154456E-5	1.2699865151258393E-5	2.552345374181538E-5
11	11	3.211045122186642E-4	3.376810195738318E-5	3.371716881434216E-5	1.028498616162144E-4	2.1350945659930567E-4	3.3805718618861445E-5	2.1225368168858191E-4	6.93614328997383E-5	3.3844825225625115E-5	0.9987084624611713	6.775442698015216E-5	6.775572660006289E-5	3.382769088045384E-5	6.79849347293378E-5
12	12	4.594391920959345E-5	4.831570062568401E-6	4.8242825031604105E-6	1.4715849678236197E-5	3.054912295284938E-5	4.836952287950258E-6	3.0369445561693823E-5	9.924295511727739E-6	4.8425476960287585E-6	0.9998152056602068	9.694363675427267E-6	9.694549626200022E-6	4.840096098681779E-6	9.727344929202232E-6
13	13	9.58161102400483E-5	1.0076246382805432E-5	1.0061048167075697E-5	3.068992587709924E-5	6.371024028737638E-5	1.008747102165638E-5	6.333552282716001E-5	2.0697132703645465E-5	1.0099140253330801E-5	0.9996146111359677	2.021760952509037E-5	2.0217997325697023E-5	1.0094027443503003E-5	2.028639197773967E-5
14	14	7.208412683207002E-4	7.580535469762224E-5	7.569101587635944E-5	2.3088565209433763E-4	4.793032225866093E-4	7.588979960866577E-5	4.76484157936546E-4	1.5570813041063935E-4	7.597758926887474E-5	0.8477149886435786	0.14953776447284703	1.521035115978699E-4	7.593912471096564E-5	1.5261805646512924E-4
15	15	6.870217512105773E-6	7.224881513349924E-7	0.999961687166563	2.2005325166909952E-6	4.568158814068127E-6	7.232929816522286E-7	4.541290780594208E-6	1.4840281367582521E-6	7.241296902140935E-7	1.1401036173941751E-5	1.4496453118813469E-6	1.4496731180040579E-6	7.237630909488238E-7	1.454577159036621E-6
16	16	7.811910871718335E-6	8.21518828793468E-7	8.202797145527376E-7	2.5021571530184516E-6	5.194311452362837E-6	8.22433976340693E-7	5.163760646303675E-6	1.6874422847675347E-6	8.233853716494114E-7	1.2963763997156303E-5	1.6483466428925865E-6	0.9999572637660443	8.229685230153065E-7	1.6539544930577452E-6
17	17	0.22518878117657537	1.3704637609542772E-5	1.3683966614513997E-5	0.3781399578407061	8.665188622673292E-5	1.3719904168329257E-5	0.3961890358905403	2.8150036480261635E-5	1.3735775414942743E-5	2.162624658251502E-4	2.7497840102978934E-5	2.7498367548078727E-5	1.372882151532631E-5	2.7591390672471035E-5
18	18	7.994220027040847E-5	8.406908862091632E-6	8.394228543483671E-6	2.5605508244954843E-5	5.315532821745156E-5	8.416273908582638E-6	5.284269041390905E-5	1.7268226851130126E-5	8.426009891948914E-6	0.9996784587302358	1.6868146552751124E-5	1.6868470106208723E-5	8.421744124259386E-6	1.6925533776997698E-5
19	19	8.8765721037021E-5	9.334810954813272E-6	9.320731061835501E-6	0.9995240951434909	5.902228135104452E-5	9.345209656644187E-6	5.867513653940547E-5	1.9174185877878644E-5	9.356020237045887E-6	1.4730555397494347E-4	1.872994721496728E-5	1.8730306480234693E-5	9.351283640561719E-6	1.879366848259976E-5
20	20	2.3158733751414453E-5	2.4354266376335247E-6	2.4317532320788667E-6	7.417748648507731E-6	0.6111349770412839	2.4381396304898785E-6	0.38876414986940416	5.002492634073521E-6	2.4409600813384307E-6	3.843161599721079E-5	4.886591982377605E-6	4.886685713702906E-6	2.4397243162752597E-6	4.903216686758565E-6
21	21	6.271535229421031E-4	6.595293214447091E-5	6.585345394071731E-5	2.0087744205472873E-4	4.1700817893372945E-4	6.602640174975428E-5	0.9968512831701939	1.3547074346236708E-4	6.610278138712745E-5	0.0010407530750050934	1.323320786803196E-4	1.3233461698537133E-4	6.606931606811582E-5	1.3278228645213932E-4
22	22	0.2838958404481778	9.392404004333442E-6	9.378237242539855E-6	2.8607099484253394E-5	5.938643153995556E-5	9.40286686310898E-6	5.903714494650388E-5	1.9292484988821453E-5	9.41374414162545E-6	0.7158342391678878	1.8845505503472906E-5	1.8845866985301795E-5	9.408978321728274E-6	1.8909619912663372E-5
23	23	1.8036338171056605E-6	1.8967435309141083E-7	1.893882632493045E-7	0.9999903300724323	1.1992758168783453E-6	1.8988564468074425E-7	1.1922221692045564E-6	3.8960095925304647E-7	1.901053052452871E-7	2.9931067476586306E-6	3.8057445819011284E-7	3.805817581137551E-7	1.9000906217423418E-7	3.8186921287500813E-7
24	24	0.9999681683393454	7.150226157307268E-7	7.139441319826458E-7	2.177794214586877E-6	4.520955614667071E-6	7.158191296632892E-7	4.4943652110202236E-6	1.4686935394057154E-6	7.166471924396869E-7	1.1283228232974402E-5	1.4346659953771113E-6	1.4346935141766339E-6	7.162843812778792E-7	1.4395468813083645E-6
25	25	7.906890751814491E-5	8.315071352573864E-6	8.302529554425676E-6	2.5325792341555806E-5	5.25746566482494E-5	8.324334094810077E-6	5.226543411632806E-5	1.7079587843165306E-5	8.333963721787848E-6	0.9996819712637849	1.668387804276754E-5	1.6684198061710348E-5	8.329744553566353E-6	1.6740638365992658E-5
26	26	2.9966146369082776E-5	3.1513100792927393E-6	3.146556891588029E-6	9.598164740620693E-6	1.992515017441176E-5	3.154820545016143E-6	1.9807958626646327E-5	6.472954354585551E-6	3.1584700555576838E-6	0.9998794710087932	6.322985192615295E-6	6.3231064758703945E-6	3.1568710425391708E-6	6.344496659095719E-6
27	27	2.331018999344372E-7	2.45135413048496E-8	2.447656701155655E-8	7.46626012355986E-8	1.5499458305143855E-7	2.4540848660947424E-8	0.23483930072672768	5.0352085305153794E-8	0.44795601884260117	3.8682955651465156E-7	4.9185498979495665E-8	4.91864424227014E-8	0.31720355923421345	4.935283326549969E-8
28	28	4.239837884781807E-7	0.17324158022171707	4.45198756999349E-8	1.3580212146880121E-7	2.8191615140944E-7	0.37032396290623854	2.802580364223733E-7	9.158427233523261E-8	4.468843218799327E-8	7.035955559030028E-7	8.946239477834229E-8	8.946411078591106E-8	4.466580813787135E-8	0.4564322269314967
29	29	2.131717240057823E-5	2.2417637363365576E-6	2.2383824366357006E-6	6.827896052595609E-6	1.4174257048065931E-5	2.2442609944794774E-6	1.409088989111365E-5	4.604698989928791E-6	2.2468571656532263E-6	0.9999142586686596	4.498014652172617E-6	4.4981009300685605E-6	2.245719667498923E-6	4.513317375249E-6
30	30	2.7276971949150043E-6	2.8685102040557414E-7	2.864183569389624E-7	8.736821450733816E-7	1.813705892295778E-6	2.8717056391272504E-7	1.8030384193357804E-6	0.9999850913620797	2.875027641077172E-7	4.526577846478322E-6	5.75555787552998E-7	5.755668274775399E-7	2.8735721241510014E-7	5.77513889407486E-7
31	31	8.494961658158922E-6	8.933500479788578E-7	8.920025891895887E-7	2.720938503603838E-6	0.9999573830132185	8.943452133683375E-7	5.615264872141425E-6	1.834987334706134E-6	8.953797959182453E-7	1.4097277850411525E-5	1.7924732835114173E-6	1.792507665530018E-6	8.949264992508708E-7	1.7985714677994881E-6
32	32	6.1104308945515536E-6	6.425872125716195E-7	6.416179846755552E-7	1.9571726587638384E-6	0.9999693455764557	6.433030356189461E-7	4.039063310293888E-6	1.3199074642473694E-6	6.440472114528475E-7	1.0140180211819903E-5	1.2893270823308437E-6	1.289351813336954E-6	6.437211548945977E-7	1.293713509859767E-6
33	33	1.4149510838940586E-5	1.4879956726708117E-6	1.4857512972973836E-6	4.532092126849836E-6	0.9999290156282448	1.4896532556042742E-6	9.35298525986602E-6	3.056420290820976E-6	1.491376493164698E-6	2.3480928316183254E-5	2.9856073722471578E-6	2.985664640162474E-6	1.490621466083191E-6	2.9957647252940712E-6
34	34	2.8801982631226975E-6	3.0288838962304696E-7	3.024315366529391E-7	9.225282782314395E-7	1.915107208580195E-6	3.0322579828263123E-7	1.9038433347350446E-6	0.9999842578446304	3.0357657124467746E-7	4.779651376120872E-6	6.077341659223343E-7	6.077458230709173E-7	3.034228819960865E-7	6.098017420340916E-7
35	35	1.700906509360073E-5	1.7887130900525908E-6	1.7860151362324449E-6	5.448008123619058E-6	0.9999146699971783	1.790705663247115E-6	1.1243182673618168E-5	3.6741094636928423E-6	1.792777159581555E-6	2.8226321230058643E-5	3.588985563990589E-6	3.5890544055011176E-6	1.791869544829147E-6	3.601195673662944E-6
