0	0	3.1688355727446452E-6	3.176594319424283E-6	5.237162012835805E-5	0.9998609425768961	3.178822378029246E-6	3.179191576681762E-6	9.605362380918994E-6	6.3701692052640486E-6	6.379523786973825E-6	3.177176064413066E-6	9.701217177085788E-6	1.6403912809091628E-5	9.606679472667712E-6	6.391795730187555E-6	3.1748409487328647E-6	3.171681553283978E-6
1	1	1.1949499954705305E-7	1.1978757750185237E-7	1.9749042131890004E-6	7.414067643163134E-7	1.198715963333376E-7	1.1988551860598396E-7	3.6221278984287906E-7	2.4021548257184336E-7	2.405682385642297E-7	1.198095147767836E-7	3.658274200632199E-7	6.185822863615838E-7	3.6226245662877043E-7	2.4103100661107284E-7	0.6867144635452337	0.31327979059490135
2	2	7.392506945560245E-5	7.410607155369611E-5	0.0012217660293866184	4.586681179521258E-4	7.415804944378915E-5	7.416666239810743E-5	0.9965213731746841	1.4860827901373488E-4	1.4882650999692987E-4	7.411964295483511E-5	2.2631756591863454E-4	3.826832809458192E-4	2.2411211656512758E-4	1.491127994662331E-4	7.406516755373494E-5	7.399146271085653E-5
3	3	2.1356736386491258E-5	2.140902736332571E-5	3.5296463307688745E-4	1.325078779922507E-4	2.142404362377454E-5	2.1426531881090208E-5	0.9989950348827218	4.2932497231572765E-5	4.299554352444449E-5	2.141294810142789E-5	6.538248297297114E-5	1.1055608078374351E-4	6.474533510414306E-5	4.3078251714929306E-5	2.139721031735258E-5	2.137591720378023E-5
4	4	2.3887231921105873E-6	2.39457186986931E-6	0.513235645828619	0.48669900891024626	2.396251419073072E-6	2.3965297274180516E-6	7.240688688701715E-6	4.801943985090797E-6	4.808995630961865E-6	2.3950103993274342E-6	7.312945695864863E-6	1.2365553866368032E-5	7.241681535296014E-6	4.818246434512239E-6	2.3932501486443333E-6	2.3908685415812484E-6
5	5	1.0962644741485135E-5	1.0989486267823587E-5	0.8779598063786985	6.801773293394843E-5	1.099719427740272E-5	1.0998471526907675E-5	3.3229927201314645E-5	2.2037717116376835E-5	2.207007946325009E-5	1.0991498825274349E-5	3.356153862545486E-5	5.674963700960077E-5	0.12170551924792376	2.21125344757149E-5	1.0983420449781314E-5	1.0972490463321331E-5
6	6	2.9605861857835256E-6	2.967835043514201E-6	0.9999006420525712	1.836895797147582E-5	2.969916678668674E-6	2.9702616143415284E-6	8.97411762825004E-6	5.951534725379743E-6	5.960274543129188E-6	2.9683785574132033E-6	9.063673043435784E-6	1.5325881239502116E-5	8.97534816342523E-6	5.971739999356637E-6	2.966196900755322E-6	2.963245134307781E-6
7	7	1.2239063118325243E-5	1.2269029895758548E-5	0.9995892542511591	7.593727117633543E-5	1.2277635375365004E-5	1.2279061339416347E-5	3.70990017486552E-5	2.4603644205530725E-5	2.463977461159415E-5	1.2271276782185135E-5	3.746922382977866E-5	6.335719214489988E-5	3.7104088780997246E-5	2.4687172806965724E-5	1.2262257813689455E-5	1.2250055211368507E-5
8	8	5.1683206169421805E-6	5.1809750098589044E-6	8.541728273317029E-5	0.7662271152678983	5.1846089381456315E-6	5.185211095298865E-6	1.566619387054732E-5	1.0389645054527229E-5	1.040490222909613E-5	5.181923826719328E-6	1.5822531524517964E-5	0.23357283879994642	1.5668342026323482E-5	1.0424917574059747E-5	5.178115290038936E-6	5.1729623661144514E-6
9	9	9.479682998189164E-6	9.502893561595744E-6	0.9996818596771485	5.881669630589264E-5	9.509558877227171E-6	9.510663347973245E-6	2.8734779184196297E-5	1.9056585084478274E-5	1.9084569644469987E-5	9.504633872177612E-6	2.902153217615738E-5	4.9072881754301844E-5	2.873871931045742E-5	1.9121281593943962E-5	9.49764829154263E-6	9.488196849006775E-6
10	10	1.2121451268283112E-5	1.2151130078565692E-5	0.9995932013316629	7.52075484137469E-5	1.215965286341298E-5	1.2161065124596011E-5	3.6742497154456113E-5	2.4367214334648028E-5	2.440299754388284E-5	1.215335537343197E-5	3.7109161569158016E-5	6.274835824073614E-5	3.67475353027227E-5	2.4449940264076908E-5	1.2144423073136296E-5	1.2132337732293651E-5
11	11	4.0607457634945577E-5	4.0706883108391894E-5	6.711229714559686E-4	0.9982180304759001	4.0735434856607356E-5	4.0740166000996755E-5	1.2308917171541088E-4	8.163136590458862E-5	8.175124141461497E-5	4.0714337955588614E-5	1.243175155297534E-4	2.1021008479325332E-4	1.231060497597775E-4	8.190850183495238E-5	4.068441431048943E-5	4.064392782455555E-5
12	12	4.850347384904918E-6	4.862223235135647E-6	0.9998372212358503	3.0093981958102228E-5	4.865633591394251E-6	4.8661987017250445E-6	1.4702354614443367E-5	9.750437609292812E-6	9.76475610890925E-6	4.863113677451207E-6	1.4849073826988532E-5	2.5108489780955082E-5	1.4704370608133294E-5	9.783540039570208E-6	4.859539455320425E-6	4.854703557369395E-6
13	13	9.698338646925917E-6	9.722084578529957E-6	0.9996745215437219	6.0173345350989845E-5	9.728903634419754E-6	9.730033580571233E-6	2.9397567358128696E-5	1.949613880955006E-5	1.9524768853375017E-5	9.723865030616488E-6	2.969093451234567E-5	5.0204782768019134E-5	2.9401598366211914E-5	1.9562327590144532E-5	9.71671832258243E-6	9.707048875784244E-6
14	14	7.852721358664596E-5	7.87194838208345E-5	0.9973646088072917	4.872221227393364E-4	7.877469755153746E-5	7.878384669821185E-5	2.3803139227266637E-4	1.578597646616216E-4	1.5809158143439948E-4	7.873390009834036E-5	2.4040677902880991E-4	4.065069124746471E-4	2.3806403124767482E-4	1.5839569361811656E-4	7.867603337614566E-5	7.859774009915985E-5
15	15	7.199493598893861E-7	7.217121224491079E-7	1.1898665463138514E-5	4.466926042181441E-6	7.222183302751737E-7	7.223022110343513E-7	2.1823077717025746E-6	0.9999653869520412	1.4494075067621157E-6	7.218442930596298E-7	2.204085676411855E-6	3.7269167981340705E-6	2.1826070107573113E-6	1.4521956532148112E-6	7.213137622066917E-7	7.205959576129074E-7
16	16	0.9999619679502104	7.766806914115058E-7	1.2804916851644397E-5	4.8071455349153964E-6	7.772254541113653E-7	7.773157235747812E-7	2.3485213234979016E-6	1.557513149381143E-6	1.5598003545636832E-6	7.768229286803162E-7	2.3719579231627356E-6	4.010774137733903E-6	2.348843353832021E-6	1.5628008577383945E-6	7.762519904116381E-7	7.754795148623749E-7
17	17	1.575501704125774E-5	1.5793592468524422E-5	2.6038453200204854E-4	0.9993086255122992	1.5804670071159295E-5	1.5806505676361418E-5	4.775654795738107E-5	3.167160999070173E-5	3.171811969146342E-5	1.579648482503884E-5	4.823312489311209E-5	8.155801079533352E-5	4.7763096357406744E-5	3.177913411459242E-5	1.5784874949268917E-5	1.576916686723228E-5
18	18	9.07067395640923E-6	9.092883080179072E-6	0.9996955861138476	5.627899957053451E-5	9.099260815059107E-6	9.100317632468924E-6	2.749499252654844E-5	1.8234372400099573E-5	1.8261149542283216E-5	9.094548303570407E-6	2.776937331508332E-5	4.6955590242809205E-5	2.7498762652687534E-5	1.829627752325539E-5	9.087864121794683E-6	9.078820469841674E-6
19	19	9.07067395640923E-6	9.092883080179072E-6	1.4991181456026133E-4	5.627899957053451E-5	9.099260815059107E-6	9.100317632468924E-6	2.749499252654844E-5	0.21574751659526784	0.0719280218904982	9.094548303570407E-6	2.776937331508332E-5	4.6955590242809205E-5	2.7498762652687534E-5	0.7119249276129869	9.087864121794683E-6	9.078820469841674E-6
20	20	2.9536537544136633E-6	2.960885638408202E-6	4.8815291568716605E-5	0.9998703853606786	2.9629623992601076E-6	2.96330652724059E-6	8.953104068549716E-6	5.937598766944495E-6	5.946318119764724E-6	2.961427879629239E-6	9.042449783111795E-6	1.5289994555849503E-5	8.954331722335847E-6	5.957756728779008E-6	2.9592513314816673E-6	2.9563064768134275E-6
21	21	8.374040321248758E-5	8.394543769927657E-5	0.9971896529748058	5.195673595016552E-4	8.400431690637884E-5	8.401407343786098E-5	2.538335929129744E-4	1.6833960788901093E-4	1.685868142922079E-4	8.396081103083929E-5	2.563666745754936E-4	4.3349370497820945E-4	2.538683986930704E-4	1.6891111558501007E-4	8.389910270798097E-5	8.381561177172885E-5
22	22	9.698338646925917E-6	9.722084578529957E-6	0.8459031005805793	6.0173345350989845E-5	9.728903634419754E-6	9.730033580571233E-6	2.9397567358128696E-5	1.949613880955006E-5	1.9524768853375017E-5	9.723865030616488E-6	2.969093451234567E-5	5.0204782768019134E-5	0.1538008225615088	1.9562327590144532E-5	9.71671832258243E-6	9.707048875784244E-6
23	23	1.6845434321160533E-7	1.6886679584477605E-7	2.784059528847371E-6	1.045175028318799E-6	1.6898523876815276E-7	1.6900486525715686E-7	5.106181668447079E-7	3.386362734782457E-7	3.3913356022025704E-7	1.6889772123290442E-7	5.157137788956588E-7	8.720270569174925E-7	5.106881830447871E-7	0.9999919023602373	1.6877358718770031E-7	1.6860563467862553E-7
24	24	6.892640531274154E-7	6.909516841391324E-7	1.1391526739033575E-5	4.276539046201012E-6	6.914363166388023E-7	6.915166222759365E-7	0.9999675659090671	1.3855968682290362E-6	1.3876316146703E-6	6.910782214427098E-7	2.1101442843106735E-6	3.5680700908536363E-6	2.089581071160385E-6	1.3903009261965898E-6	6.905703025995548E-7	6.898830918994282E-7
25	25	8.350127179267974E-6	8.370572077729709E-6	0.999719767827978	5.180836685281573E-5	8.376443184730123E-6	8.377416051776126E-6	2.5310873865935702E-5	1.678588926320967E-5	1.6810539310582693E-5	8.372105020834748E-6	2.5563458678356963E-5	4.322558083217274E-5	2.5314344504710128E-5	1.6842876831485568E-5	8.365951810148876E-6	8.357626558427167E-6
26	26	3.3102037436079513E-6	3.3183086236861552E-6	0.9998889088076155	2.053816022493674E-5	3.3206360804966515E-6	3.3210217498485755E-6	1.0033877044775033E-5	6.6543553512362575E-6	6.664127259776393E-6	3.3189163214967513E-6	1.0134008117476692E-5	1.7135724572620234E-5	1.0035252894653384E-5	6.676946679223975E-6	3.3164770315781315E-6	3.3131766891014203E-6
27	27	2.1756448831247155E-8	2.1809718485432442E-8	3.5957071529124543E-7	1.349878939882903E-7	0.33562696299404	0.36769081435754997	6.594806525888828E-8	4.3736021380457354E-8	0.29668122037912553	2.1813712604026087E-8	6.660618080958759E-8	1.1262524718318705E-7	6.595710808821128E-8	4.3884503803131126E-8	2.1797680271756054E-8	2.177598863650284E-8
28	28	3.990996150729418E-8	0.3543940667555642	6.595953925078692E-7	2.47621369406845E-7	4.003574052149025E-8	4.00403904011297E-8	1.209749240961895E-7	8.022922046309843E-8	8.034703692513425E-8	0.40935187628535114	1.2218216919852619E-7	2.065994002373606E-7	0.23625225899048172	8.050159615360677E-8	3.9985596332460917E-8	3.994580526477791E-8
29	29	2.1973134820477516E-6	2.202693502024047E-6	0.6463066438588113	1.363323222803269E-5	2.204238468021521E-6	2.2044944753649456E-6	6.660488300838822E-6	4.4171615586631916E-6	4.423648152251891E-6	2.203096891874237E-6	0.3536263407550429	1.1374695198379552E-5	6.661401590086595E-6	4.432157683799184E-6	2.201477691051582E-6	2.1992869234792063E-6
30	30	2.7728715012404866E-7	2.779660748287053E-7	4.582748760357309E-6	1.7204282148979078E-6	2.781610398266349E-7	2.7819334634422974E-7	8.405117587741759E-7	5.574180244403559E-7	5.58236591779481E-7	2.7801698009227466E-7	0.9999869603307362	1.435415037889356E-6	8.406270101367252E-7	5.593104411737151E-7	2.7781264712601345E-7	2.7753618602854545E-7
31	31	1.0026497754535292E-6	1.0051047168468441E-6	1.6570879730548638E-5	6.220940864297548E-6	1.0058096958237206E-6	1.0059265137959837E-6	3.0392282001671055E-6	2.015582246738958E-6	2.0185421255447384E-6	1.0052887865055513E-6	3.069557571207817E-6	0.9999549703195427	3.0396449405487965E-6	2.0224250853339603E-6	1.0045499336497739E-6	1.003550270819477E-6
32	32	6.442063656623155E-7	6.457836750195993E-7	1.0646854433508857E-5	3.996978609381886E-6	6.462366267438008E-7	6.463116827436105E-7	1.9527158946028365E-6	1.2950194032386427E-6	1.2969211368398995E-6	6.459019404885273E-7	1.9722026330126895E-6	0.9999710682558313	1.952983651912803E-6	1.2994159535496487E-6	6.454272246658818E-7	6.447849374240561E-7
33	33	1.4531163099716487E-6	1.4566741977466067E-6	2.4015779184857413E-5	9.015860627097768E-6	1.4576959068962676E-6	1.4578652083861287E-6	4.404680652714402E-6	2.9211350847815824E-6	2.925424766257124E-6	1.456940965495213E-6	4.448636283892302E-6	0.9999347395624003	4.405284624570263E-6	2.93105224689774E-6	1.4558701637440096E-6	1.4544213763421277E-6
34	34	2.927990403605928E-7	2.935159452078302E-7	4.839115114588003E-6	1.8166717430145588E-6	2.93721816862078E-7	2.937559306583535E-7	8.875313416823523E-7	5.886008874295781E-7	5.89465246745396E-7	2.935696981939161E-7	0.9999862308706142	1.5157144693691903E-6	8.876530403919377E-7	5.905991690060666E-7	2.933539345120846E-7	2.930620077350974E-7
35	35	1.768983170539277E-6	1.7733144436475463E-6	2.9236138163110373E-5	1.097565666823657E-5	1.7745582438021063E-6	1.7747643467026494E-6	5.362135083600952E-6	3.556108185139883E-6	3.5613303234402607E-6	1.7736391992465917E-6	5.4156454401158105E-6	0.9999205537677723	5.362870342052851E-6	3.5681810610429376E-6	1.772335635131411E-6	1.7705719218525555E-6
