0	0	3.51079534511502E-6	2.5419532741555262E-5	3.5108807732962842E-6	1.0619150962377347E-5	3.5004782867571653E-6	3.508785917915468E-6	7.0721303757314004E-6	3.3966122551171196E-5	1.0652207415657565E-5	3.5040796473809594E-6	0.9998947358359831
1	1	1.3213020102248086E-7	9.566743831173655E-7	1.32133416146592E-7	3.996560361455707E-7	0.32173377162162436	1.3205457541810424E-7	2.661624835246467E-7	1.2783287430539294E-6	4.0090012911814536E-7	0.6782596477449345	2.8825934736185357E-6
2	2	8.186027409153517E-5	0.996352394986823	8.186226599754107E-5	2.4760389682330507E-4	8.161971400700404E-5	8.181342081609398E-5	1.6489896848415623E-4	7.919789758563823E-4	2.483746652845821E-4	8.170368596742506E-5	0.0017858891458489155
3	3	2.3658271662347087E-5	0.9989458130787323	2.3658847339058856E-5	7.155949965610058E-5	2.358874788058463E-5	2.364473069231052E-5	4.765711618405621E-5	2.2888823632237528E-4	7.178225788465562E-5	2.3613016446426942E-5	5.161361971997067E-4
4	4	2.646513474592821E-6	0.08712843068018153	2.6465778722037898E-6	8.004945702622903E-6	2.6387362528301753E-6	2.6449987249030596E-6	5.331124857361105E-6	2.5604397914114423E-5	8.029864372163147E-6	2.641451036370891E-6	0.9128113807096113
5	5	1.2144969572659577E-5	8.793433434591111E-5	1.2145265096197726E-5	0.12169927928210275	1.2109279551590747E-5	1.2138018318086737E-5	2.4464772162424483E-5	0.06094877184843187	3.684940938663043E-5	1.212173781557273E-5	0.8171420410832163
6	6	3.280078050419006E-6	2.37490492043338E-5	3.2801578645564613E-6	9.921297188184193E-6	3.2704389933570277E-6	3.2782006758063455E-6	6.6073744934790845E-6	3.173398677110545E-5	9.952181285994113E-6	3.27380368505009E-6	0.9999016534317877
7	7	1.355892370549198E-5	9.817191581718684E-5	1.3559253634775288E-5	4.101186300030798E-5	1.35190785441003E-5	1.3551163164813245E-5	2.7313035017338165E-5	1.3117941063797112E-4	4.113952920808745E-5	1.3532987236898908E-5	0.999593462840033
8	8	5.725967976352177E-6	4.145824981068856E-5	5.726107306327898E-6	1.7319414084112615E-5	5.709141263325616E-6	5.722690680279804E-6	1.153436417544834E-5	0.15984405540833393	1.737332784845598E-5	5.715014939679846E-6	0.8400396603135815
9	9	1.0502183651675648E-5	7.603992114295383E-5	1.0502439201304855E-5	3.176609932189065E-5	1.0471321231349721E-5	1.0496172656613308E-5	2.1155551581173626E-5	1.0160616666649787E-4	3.186498430637285E-5	1.0482094331729847E-5	0.9996851130659086
10	10	1.3428640126682895E-5	0.20187984900380457	1.342896688577595E-5	4.061779246776683E-5	1.3389177825342432E-5	1.3420954154681962E-5	2.7050592361306748E-5	1.299189475322558E-4	4.0744231969739575E-5	1.3402952873737273E-5	0.7978147487399981
11	11	4.4977248430841464E-5	3.256528868034554E-4	4.4978342862203596E-5	1.3604330187574846E-4	4.484507527598002E-5	4.495150540184842E-5	9.060196724003299E-5	4.35144342532556E-4	0.9978066765058412	4.489121276778535E-5	9.812376109683213E-4
12	12	5.373698799060269E-6	3.890768305706909E-5	5.373829557270287E-6	1.6253900658996495E-5	5.357907287833452E-6	5.3706231266078555E-6	1.0824754726801204E-5	5.198927707817807E-5	1.630449757674058E-5	5.363419607794225E-6	0.9998388804085236
13	13	1.0744406850868407E-5	7.77937119331837E-5	1.074466829451459E-5	3.249875516364939E-5	1.0712832617224971E-5	1.0738257217737774E-5	2.1643484905769573E-5	1.0394961937728197E-4	3.259992083928001E-5	1.0723854189249266E-5	0.9996778504886114
14	14	8.695349688561137E-5	6.295773589172592E-4	8.695561272500482E-5	2.6300943785279637E-4	8.669796951542824E-5	8.690372847003533E-5	1.7515873360617412E-4	8.412547132885632E-4	2.6382816236527766E-4	8.678716608458195E-5	0.9973928736202892
15	15	7.976557975919074E-7	5.775340249209139E-6	7.976752069500057E-7	2.4126804606910138E-6	7.953117528372943E-7	7.971992539606211E-7	0.999960288776947	7.717132988784713E-6	2.420190916019457E-6	7.961299851460462E-7	1.7401906441822567E-5
16	16	8.547332265582866E-7	6.188603180195263E-6	8.547540247814336E-7	2.5853233450396296E-6	8.522214502478077E-7	8.542440142787394E-7	0.9999574471822142	8.269343743500262E-6	2.5933712220000703E-6	8.530982323679215E-7	1.864712534678296E-5
17	17	1.7453589979645406E-5	1.263708243667909E-4	1.7454014677841092E-5	5.279211364091033E-5	1.7402299691071727E-5	1.7443600300673166E-5	3.515843326850701E-5	1.6885939450483894E-4	5.295645069990096E-5	1.742020351784534E-5	0.9994766890753519
18	18	1.0049087958615844E-5	7.275933094255466E-5	1.0049332483067792E-5	3.0395614547920605E-5	1.0019557035642359E-5	1.0043336295904193E-5	2.024283765198949E-5	9.72225719749728E-5	3.0490233337670056E-5	1.002986535216943E-5	0.9996986982324196
19	19	1.0049087958615844E-5	7.275933094255466E-5	1.0049332483067792E-5	3.0395614547920605E-5	1.0019557035642359E-5	1.0043336295904193E-5	2.024283765198949E-5	9.72225719749728E-5	0.9995099544440033	1.002986535216943E-5	2.1923402175401277E-4
20	20	3.2723976709080545E-6	2.369344024987912E-5	3.272477298158839E-6	9.898066238653447E-6	3.2627811839237466E-6	3.270524692211981E-6	6.591903171485872E-6	3.16596808984856E-5	9.928878020625637E-6	3.266137997112474E-6	0.9999018837125786
21	21	9.272255437677868E-5	6.713475936843436E-4	9.272481059464498E-5	2.8045918538495635E-4	9.245007366783457E-5	9.266948400255822E-5	1.8677989710674505E-4	8.970689930990889E-4	2.8133222937797725E-4	9.254518811440429E-5	0.9972198999905907
22	22	1.0744406850868407E-5	0.16921437707985845	1.074466829451459E-5	0.15379302908964115	1.0712832617224971E-5	1.0738257217737774E-5	2.1643484905769573E-5	1.0394961937728197E-4	3.259992083928001E-5	1.0723854189249266E-5	0.6767807367862085
23	23	1.8636314310909438E-7	1.3493421155044773E-6	1.8636767788335646E-7	5.636951619103194E-7	1.8581548389395807E-7	1.8625647691754932E-7	3.754090784962644E-7	1.8030197535360953E-6	0.9999909119682842	1.86006654503277E-7	4.065756169991076E-6
24	24	7.636586986362631E-7	0.9999659721967901	7.636772807429706E-7	2.3098489679367585E-6	7.614145600338018E-7	7.632216134719713E-7	1.538310652835872E-6	7.3882190202965045E-6	2.31703931816E-6	7.621979182466676E-7	1.6660215179619538E-5
25	25	9.250867623442166E-6	0.08611844049340694	9.251092724799124E-6	2.798122652264224E-5	9.223682404211246E-6	9.245572827478662E-6	1.8634906193733745E-5	8.949997721732883E-5	2.8068329541569647E-5	9.233171909329041E-6	0.9136711706796286
26	26	3.6674152475148226E-6	2.6553522150129156E-5	3.6675044867280888E-6	1.109288133507209E-5	3.6566379354212125E-6	3.665316177866498E-6	7.387624803723882E-6	3.5481383418275334E-5	1.112741246801247E-5	3.6603999561501853E-6	0.9998900399020212
27	27	0.4956587824811807	1.746397466976215E-7	0.5043400163497842	7.295672399129698E-8	2.404932645832704E-8	2.4106402354091695E-8	4.8587638096557715E-8	2.333573594348444E-7	7.31838316524123E-8	2.407406887643129E-8	5.262139375202635E-7
28	28	4.377458912698571E-8	3.169451626138826E-7	4.3775654294039636E-8	0.40578133345250433	4.364595018730993E-8	0.5942165752092635	8.81793357396555E-8	4.235088954937789E-7	1.3281776836255988E-7	4.369085399573729E-8	9.550000223363977E-7
29	29	2.4344502897151107E-6	1.7626373161627443E-5	2.434509527192715E-6	7.363515270936727E-6	2.427296251031758E-6	2.4330569158077087E-6	4.9039457301485885E-6	0.40241182842373313	7.386437225751597E-6	2.429793500957238E-6	0.5975387321983937
30	30	3.0721663251929386E-7	2.2243686918237877E-6	3.0722410802144946E-7	9.292423733599047E-7	3.0631382514528516E-7	3.0704079502469366E-7	6.188558047944057E-7	0.9999870586403787	9.32135020541379E-7	3.0662896680823317E-7	6.702333403220255E-6
31	31	1.1108666799439737E-6	8.04310965651389E-6	1.1108937106623055E-6	3.360053723955676E-6	1.1076022127112923E-6	1.1102308679690997E-6	2.2377248510229764E-6	0.9999532052510357	3.370513266280527E-6	1.108741735561863E-6	2.4235012259778263E-5
32	32	7.137380144894725E-7	5.167742646535096E-6	7.137553818761991E-7	2.1588531880666676E-6	7.116405761531839E-7	7.133295017626725E-7	1.4377506508912857E-6	0.9999699341137714	2.1655735021297234E-6	7.123727259165315E-7	1.5571130040820516E-5
33	33	1.6099471818608938E-6	1.1656647875653048E-5	1.6099863567048133E-6	4.86962938167924E-6	1.6052160832363515E-6	1.609025717822389E-6	3.243070372644741E-6	0.9999321817139885	4.884788096035761E-6	1.6068675609834695E-6	3.5123107384913227E-5
34	34	3.24402789504941E-7	2.3488031966165625E-6	3.2441068319784537E-7	9.812255787460118E-7	3.234494777388677E-7	3.242171153984315E-7	6.534755222408812E-7	0.9999863346814049	9.842800449284863E-7	3.237822488968327E-7	7.077271937938605E-6
35	35	1.959900168307951E-6	1.4190444500789163E-5	1.9599478585577037E-6	5.928136992493662E-6	1.954140674397223E-6	1.9587784063368112E-6	3.948014096856347E-6	0.9999174401050754	5.9465907449853046E-6	1.9561511325979644E-6	4.2757790349135534E-5
