0	0	1.0334298974210124E-4	0.9997370311687317	4.5928148614192024E-6	1.3877848593846636E-5	4.586917014427572E-6	9.08261574732236E-6	1.3943259599324056E-5	3.943774125264672E-5	9.285825945446719E-6	4.593905763554445E-6	1.3718959067945595E-5	1.3947418948092232E-5	1.4133940485400828E-5	9.237360919591976E-6	4.598383476237352E-6	4.588849850951962E-6
1	1	3.889747963428266E-6	8.958510853132102E-7	1.7286989952769268E-7	5.223511864655213E-7	0.663319097747443	0.33667062297409966	5.248132047018481E-7	1.4844052228653318E-6	3.495111052059671E-7	1.7291096021666102E-7	5.1637071104744E-7	5.249697592822852E-7	5.319902816388787E-7	3.4768692016848714E-7	1.7307949776170998E-7	1.7272065968637968E-7
2	2	0.0024039912642282993	5.536652254569951E-4	1.0683924311289406E-4	3.228300910313102E-4	1.0670204587599374E-4	2.1128214857529034E-4	3.2435169870053413E-4	9.174109021701218E-4	2.1600927658186518E-4	1.0686461995954611E-4	3.191339619257298E-4	0.9936535344954186	3.2878736662080455E-4	2.1488187065848172E-4	1.0696878166611466E-4	1.067470080174163E-4
3	3	0.271358679066963	0.7275662942172588	3.093107374997415E-5	9.346267404617372E-5	3.089135372080498E-5	6.116838278917565E-5	9.390319531592436E-5	2.656000121984176E-4	6.253693558622638E-5	3.0938420611412576E-5	9.239260617014681E-5	9.393120714034624E-5	9.518736738205648E-5	6.221053982801717E-5	3.096857651044295E-5	3.090437072908562E-5
4	4	0.9998617252997495	1.7942179543278037E-5	3.4622526285938294E-6	1.0461692714176909E-5	3.4578065891025908E-6	6.84684908809006E-6	1.0511002218802397E-5	2.9729790430870275E-5	7.000037288320657E-6	3.4630749954645277E-6	1.0341915258454051E-5	1.051413770687243E-5	1.0654745308598509E-5	6.963502359693334E-6	3.4664504793397235E-6	3.4592636407232483E-6
5	5	0.8777472384308922	8.231410122508392E-5	1.5883923837093502E-5	4.7995553214888284E-5	1.5863526552368433E-5	3.141158115994143E-5	4.822177252928712E-5	1.3639262571330213E-4	3.211436919022807E-5	1.588769664460975E-5	4.744604508010051E-5	4.823615734144242E-5	4.8881228824178364E-5	0.12165033959416945	1.590318249574151E-5	1.587021113014248E-5
6	6	0.9998286261434358	2.2237043348705865E-5	4.291020586462468E-6	1.2965933922623619E-5	4.285510287523688E-6	8.485796254945353E-6	1.3027046765086004E-5	3.684628375078782E-5	8.675653492792146E-6	4.2920398053209205E-6	1.2817485041667864E-5	1.3030932802674943E-5	1.3205197993099471E-5	8.630373108117141E-6	4.296223287103306E-6	4.287316117187342E-6
7	7	0.9992918060613133	9.189347564212118E-5	1.7732429152496907E-5	5.358107705291258E-5	1.7709658116196297E-5	3.506713096834457E-5	5.383362283483934E-5	1.5226543498880925E-4	3.5851706560880346E-5	1.7736641023736917E-5	5.296761943571539E-5	5.3849681691897076E-5	5.4569823923956804E-5	3.566458762330627E-5	1.7753929054130185E-5	1.7717120617465404E-5
8	8	0.6637924550184608	0.10654635830565265	7.4902029849983254E-6	2.2632722219258904E-5	7.480584467275596E-6	1.4812405384258168E-5	2.2739397912327732E-5	0.2294651776281471	1.5143811216737741E-5	7.491982085327052E-6	2.237359685995339E-5	2.2746181196108826E-5	2.3050370286605632E-5	1.5064771914636838E-5	7.4992845736518505E-6	7.4837366382951835E-6
9	9	0.883625082340181	6.860642468885628E-5	1.3238791510500067E-5	4.000290664698161E-5	1.3221790963114864E-5	2.6180645176633537E-5	4.0191453908331517E-5	0.11595986896615677	2.6766398690970606E-5	1.3241936036539674E-5	3.954490749611749E-5	4.0203443233576016E-5	4.074109167340088E-5	2.662669822574356E-5	1.3254843045953638E-5	1.3227362365521092E-5
10	10	0.9320647225762365	9.101085343834667E-5	1.7562111993552946E-5	0.06728695201444895	1.7539559669430774E-5	3.4730316758205556E-5	5.331655945801487E-5	1.5080294972694039E-4	3.5507356627082246E-5	1.7566283410440238E-5	5.2458873883668694E-5	5.33324640723072E-5	5.404568945287719E-5	3.532203493711357E-5	1.7583405392053898E-5	1.7546950494563246E-5
11	11	0.4512781025670386	3.045403453853221E-4	5.876630588719246E-5	1.7757081879632444E-4	5.869084134293279E-5	1.1621452015116606E-4	0.5465533091278232	5.046165447297896E-4	1.1881464948855525E-4	5.878026427447934E-5	1.7553778442348095E-4	1.7846099025797433E-4	1.8084758367546718E-4	1.1819452640061295E-4	5.8837557816923016E-5	5.8715572507991585E-5
12	12	0.9997192585511097	3.642830880926336E-5	7.029469726678311E-6	2.1240550622091796E-5	7.0204428579428625E-6	1.3901272827515084E-5	2.1340664538430464E-5	6.03608933930309E-5	1.4212293406173047E-5	7.0311393919632905E-6	2.0997364439781256E-5	2.134703057257963E-5	2.1632508550561768E-5	1.4138115926277129E-5	7.037992693631003E-6	7.023401134347371E-6
13	13	0.9994387634354821	7.282465402998003E-5	1.4052771528317293E-5	4.246246397435741E-5	1.4034725711365564E-5	2.7790348147666854E-5	4.266260396326339E-5	1.2066882383434124E-4	2.8412116403656017E-5	1.4056109393859204E-5	4.1976304990574624E-5	4.2675330445760375E-5	4.3246035912450645E-5	2.826382653001625E-5	1.4069809983846168E-5	1.4040639668469953E-5
14	14	0.9954682840546196	5.880241358970287E-4	1.134693867751892E-4	3.4286402069690785E-4	1.1332367546270938E-4	2.243937259088394E-4	3.444800550688176E-4	9.743428487238466E-4	2.2941420621631488E-4	1.1349633843774313E-4	3.389385201894868E-4	3.445828153080934E-4	3.4919098809479965E-4	2.2821683664455686E-4	1.1360696412756855E-4	1.1337142782847563E-4
15	15	2.3164225054799934E-5	5.334971918718424E-6	1.0294747360265506E-6	3.110705514777049E-6	1.0281527396783334E-6	2.0358589951992927E-6	3.125367324501356E-6	8.839929213477208E-6	0.9999378022428789	1.0297192606202029E-6	3.0750905906684347E-6	3.1262996382575948E-6	3.1681082493551253E-6	2.0705449666961757E-6	1.0307229353210842E-6	1.0285859830009509E-6
16	16	2.4738114257908164E-5	5.697455648775978E-6	1.0994222161633462E-6	3.3220618546578137E-6	1.0980103970054263E-6	2.17418507707834E-6	3.337719858468844E-6	9.440556651365523E-6	0.9999335762271948	1.0996833549375693E-6	3.2840270807855466E-6	3.3387155181195118E-6	3.383364807955385E-6	2.21122778081682E-6	1.1007552241397307E-6	1.0984730769695104E-6
17	17	0.4748366446036869	1.1827520081401266E-4	2.2823237496204602E-5	0.08744427132597998	2.279392911634E-5	4.513456399674054E-5	6.928873357814227E-5	1.9597936387204755E-4	4.614438362879293E-5	2.2828658554807877E-5	6.817410900636198E-5	0.43694584761091315	7.023629085624516E-5	4.590354465994307E-5	2.2850909810973287E-5	2.2803534029311357E-5
18	18	0.89164996535993	6.811325834856856E-5	1.314362656948069E-5	3.971535213351682E-5	1.3126748227818563E-5	2.5992449784923687E-5	3.990254405295417E-5	0.10793796945773665	2.6573992703558002E-5	1.3146748491596454E-5	3.926064523649206E-5	3.9914447194846594E-5	4.044823083462347E-5	2.643529645284126E-5	1.3159562721032075E-5	1.3132279581087303E-5
19	19	2.9574492043080744E-4	6.811325834856856E-5	1.314362656948069E-5	3.971535213351682E-5	1.3126748227818563E-5	2.5992449784923687E-5	0.9992192302947818	1.1286214650690661E-4	2.6573992703558002E-5	1.3146748491596454E-5	3.926064523649206E-5	3.9914447194846594E-5	4.044823083462347E-5	2.643529645284126E-5	1.3159562721032075E-5	1.3132279581087303E-5
20	20	9.348099053083161E-5	0.999762126227555	4.154523530252392E-6	1.2553488497160972E-5	4.149188513526509E-6	8.215863686443411E-6	1.2612657344500366E-5	3.567420611496134E-5	8.399681579210382E-6	4.1555103278322685E-6	1.2409761764430763E-5	1.2616419767513117E-5	1.2785141594764817E-5	8.355841560314954E-6	4.159560733360067E-6	4.150936899878452E-6
21	21	0.995168451724828	6.269296297021719E-4	1.2097687202070737E-4	3.655489637441537E-4	1.2082151999755099E-4	2.3924030818380255E-4	3.672719199435992E-4	0.0010388083822810428	2.4459295898153076E-4	1.2100560688853559E-4	3.6136373999350117E-4	3.6738147911783103E-4	3.7229454285519993E-4	2.4331636773907472E-4	1.2112355191582939E-4	1.2087243180738949E-4
22	22	0.9994387634354821	7.282465402998003E-5	1.4052771528317293E-5	4.246246397435741E-5	1.4034725711365564E-5	2.7790348147666854E-5	4.266260396326339E-5	1.2066882383434124E-4	2.8412116403656017E-5	1.4056109393859204E-5	4.1976304990574624E-5	4.2675330445760375E-5	4.3246035912450645E-5	2.826382653001625E-5	1.4069809983846168E-5	1.4040639668469953E-5
23	23	5.4862890967664155E-6	1.2635518002427164E-6	2.438240867673062E-7	7.367494361930374E-7	2.435109809269843E-7	4.821793511974742E-7	0.173887944888712	2.0936770880680683E-6	4.929674065566587E-7	2.438820007535878E-7	7.283142837388971E-7	0.82609831169308	7.503448833144174E-7	4.903944875460423E-7	2.4411971427757223E-7	2.436135916601947E-7
24	24	2.2480733185592447E-5	0.9999427950347999	9.990986880489443E-7	3.0189199306783295E-6	9.9781569899551E-7	1.9757882150726203E-6	3.0331491238263978E-6	8.579095115747293E-6	2.019993576810515E-6	9.993359976129039E-7	2.9843558731967273E-6	3.0340539284011104E-6	3.074628919738843E-6	2.009450729948891E-6	1.0003100575308274E-6	9.982361588864478E-7
25	25	0.9134890852665428	6.270437369088598E-5	1.2099889097193587E-5	3.656154971622349E-5	1.2084351067322099E-5	2.3928385221490373E-5	3.6733876695623685E-5	1.0389974553718174E-4	2.446374772464246E-5	1.2102763106978568E-5	0.08606381491829262	3.6744834607128945E-5	3.723623040333892E-5	2.433606536521162E-5	1.211455975642059E-5	1.2089443174949728E-5
26	26	0.9998083912001816	2.4862679016386246E-5	4.7976822197511545E-6	1.4496884689691706E-5	4.791521293064506E-6	9.48775541679363E-6	1.4565213422162776E-5	4.119690335971937E-5	9.700030020458386E-6	4.7988217827284705E-6	1.433090772865118E-5	1.4569558303076317E-5	1.4764399830581214E-5	9.649403160931277E-6	4.8034992285154534E-6	4.793540345803741E-6
27	27	7.1003429566452E-7	1.6352858857725104E-7	0.24501197459873547	9.534994561567629E-8	3.151513614748711E-8	1.732041178692962E-5	9.579936223618217E-8	2.7096321581951205E-7	6.379973040544365E-8	0.2790792828803051	9.425827009038756E-8	9.582793969731817E-8	9.710946531119558E-8	6.346674380825875E-8	0.4758896089280632	3.152841600540156E-8
28	28	1.2733569456840326E-6	2.932678961484062E-7	5.659109261909069E-8	0.1963164070593037	5.651842136727074E-8	1.1191288229317045E-7	1.7180407205735876E-7	4.859383483240644E-7	1.1441676879636948E-7	5.660453434178943E-8	0.13317828093868744	1.7185532212915072E-7	1.7415357666624396E-7	0.39671799397607244	5.6659707184763934E-8	0.27378429494636886
29	29	0.10632230626314253	1.6504590460417742E-5	3.1848450500460177E-6	9.62346594257076E-6	3.180755242517521E-6	6.2982560101260264E-6	9.668824600234772E-6	0.501669732624905	6.439170245326714E-6	3.185601526056992E-6	9.513285468212662E-6	9.671708862225607E-6	0.3919179142438193	6.405562620732385E-6	3.1887065545643415E-6	3.1820955501552096E-6
30	30	9.04402632666071E-6	2.0829372176595683E-6	4.019386184182721E-7	1.214515163083459E-6	4.0142247036027574E-7	7.948620040771076E-7	1.2202395848083138E-6	3.4513804085122446E-6	8.126458749160401E-7	4.020340883447331E-7	1.2006100006833214E-6	1.2206035887901514E-6	0.9999761403626032	8.084044747896604E-7	4.024259538354499E-7	4.015916218862315E-7
31	31	3.270156982987471E-5	7.531525718113345E-6	1.4533376311368616E-6	4.391468023255941E-6	1.4514713327481268E-6	2.874077804795496E-6	4.412166500904017E-6	0.9999217349144387	2.9383810778156614E-6	1.4536828331911296E-6	4.341189461164256E-6	4.413482673723564E-6	4.472505033075605E-6	2.923044939087231E-6	1.4550997482072679E-6	1.4520829541917274E-6
32	32	2.1011189736058068E-5	4.83910456557696E-6	9.337885880473271E-7	2.8215760997555746E-6	9.325894667282648E-7	1.8466328799170925E-6	2.834875144522348E-6	0.9999497136507209	1.88794858057321E-6	9.340103849181574E-7	2.7892714607654462E-6	2.8357208029106397E-6	2.8736434469141893E-6	1.8780949092565757E-6	9.349207714958913E-7	9.329824415690748E-7
33	33	4.7392739167336445E-5	1.0915061134604853E-5	2.106249077119849E-6	6.364333567795109E-6	2.103544344802536E-6	4.165256299863257E-6	6.394330829621971E-6	0.9998865743508579	4.258447796837406E-6	2.1067493610818445E-6	6.291467378455687E-6	6.39623829264165E-6	6.4817764272438825E-6	4.236221902901068E-6	2.1088028246963273E-6	2.104430736975649E-6
34	34	9.470816536501715E-6	2.181231625493164E-6	4.2090621770447144E-7	1.2718284837865907E-6	4.203657124708074E-7	8.323717712164041E-7	1.277823042623051E-6	3.6142520450584367E-6	8.509948680474989E-7	4.210061928842871E-7	2.314537954756594E-4	1.2782042240577378E-6	0.9997448178910926	8.465533150263161E-7	4.214165506204897E-7	4.205428463060412E-7
35	35	5.769385911343838E-5	1.3287520628233215E-5	2.5640560062186353E-6	7.747662841660856E-6	2.560763382749381E-6	5.0706018339048925E-6	7.784180203350318E-6	0.9998619205486657	5.18404910856047E-6	2.5646650301519884E-6	7.658958712384042E-6	7.786502265857253E-6	7.890632670076825E-6	5.156992272092214E-6	2.5671648274321212E-6	2.561842438023529E-6
